Cycle number	Half cycle number	Elapsed time (s)	Potential (V)	Current (A)
1	1	8.690795e-03	2.029419e-03	-1.576555e-05
1	1	9.803438e-02	1.935196e-02	9.999824e-05
1	1	1.857066e-01	2.342987e-02	9.999800e-05
1	1	2.741393e-01	2.740097e-02	9.999681e-05
1	1	3.621327e-01	3.128815e-02	9.999728e-05
1	1	4.502489e-01	3.530502e-02	9.999752e-05
1	1	5.377055e-01	3.932190e-02	9.999704e-05
1	1	6.254946e-01	4.328156e-02	9.999752e-05
1	1	7.141686e-01	4.713058e-02	9.999537e-05
1	1	8.021612e-01	5.101776e-02	9.999728e-05
1	1	8.893581e-01	5.505753e-02	9.999764e-05
1	1	9.776221e-01	5.891418e-02	9.999692e-05
1	1	1.065465e+00	6.283951e-02	9.999526e-05
1	1	1.153968e+00	6.670380e-02	9.999704e-05
1	1	1.241636e+00	7.056046e-02	9.999549e-05
1	1	1.329941e+00	7.442474e-02	9.999859e-05
1	1	1.417794e+00	7.825089e-02	9.999490e-05
1	1	1.505221e+00	8.226776e-02	9.999561e-05
1	1	1.593751e+00	8.607101e-02	9.999764e-05
1	1	1.681630e+00	8.996582e-02	9.999442e-05
1	1	1.769364e+00	9.380722e-02	9.999704e-05
1	1	1.857874e+00	9.767151e-02	9.999835e-05
1	1	1.945849e+00	1.015739e-01	9.999561e-05
1	1	2.033622e+00	1.054039e-01	9.999859e-05
1	1	2.121976e+00	1.091461e-01	9.999776e-05
1	1	2.209851e+00	1.131172e-01	9.999681e-05
1	1	2.297744e+00	1.168633e-01	9.999621e-05
1	1	2.385949e+00	1.207275e-01	9.999609e-05
1	1	2.474152e+00	1.246376e-01	9.999514e-05
1	1	2.561480e+00	1.284866e-01	9.999847e-05
1	1	2.650101e+00	1.322975e-01	9.999669e-05
1	1	2.738119e+00	1.361504e-01	9.999776e-05
1	1	2.825536e+00	1.399307e-01	9.999573e-05
1	1	2.913321e+00	1.437340e-01	9.999800e-05
1	1	3.002161e+00	1.477051e-01	9.999609e-05
1	1	3.089790e+00	1.514320e-01	9.999847e-05
1	1	3.178110e+00	1.552696e-01	9.999633e-05
1	1	3.265449e+00	1.591644e-01	9.999526e-05
1	1	3.354241e+00	1.628342e-01	9.999883e-05
1	1	3.441963e+00	1.667633e-01	9.999621e-05
1	1	3.529773e+00	1.705780e-01	9.999824e-05
1	1	3.617364e+00	1.743927e-01	9.999609e-05
1	1	3.705768e+00	1.782074e-01	9.999716e-05
1	1	3.794070e+00	1.819077e-01	9.999585e-05
1	1	3.881931e+00	1.857491e-01	9.999657e-05
1	1	3.969703e+00	1.896286e-01	9.999740e-05
1	1	4.058126e+00	1.934586e-01	9.999585e-05
1	1	4.145370e+00	1.973228e-01	9.999490e-05
1	1	4.233525e+00	2.009888e-01	9.999883e-05
1	1	4.322147e+00	2.048187e-01	9.999704e-05
1	1	4.409293e+00	2.086182e-01	9.999657e-05
1	1	4.497332e+00	2.124023e-01	9.999728e-05
1	1	4.585739e+00	2.162552e-01	9.999549e-05
1	1	4.674127e+00	2.199860e-01	9.999573e-05
1	1	4.762018e+00	2.238350e-01	9.999645e-05
1	1	4.850003e+00	2.276611e-01	9.999788e-05
1	1	4.937593e+00	2.314796e-01	9.999776e-05
1	1	5.025636e+00	2.352028e-01	9.999752e-05
1	1	5.113429e+00	2.389755e-01	9.999883e-05
1	1	5.202238e+00	2.427750e-01	9.999800e-05
1	1	5.289653e+00	2.465439e-01	9.999645e-05
1	1	5.377932e+00	2.503357e-01	9.999859e-05
1	1	5.465586e+00	2.542114e-01	9.999371e-05
1	1	5.553192e+00	2.579651e-01	9.999633e-05
1	1	5.641533e+00	2.617188e-01	9.999704e-05
1	1	5.730166e+00	2.654190e-01	9.999692e-05
1	1	5.817460e+00	2.693367e-01	9.999609e-05
1	1	5.905739e+00	2.729988e-01	9.999549e-05
1	1	5.993944e+00	2.768097e-01	9.999514e-05
1	1	6.082027e+00	2.806740e-01	9.999561e-05
1	1	6.169705e+00	2.844505e-01	9.999716e-05
1	1	6.257895e+00	2.882118e-01	9.999752e-05
1	1	6.345806e+00	2.920303e-01	9.999716e-05
1	1	6.433630e+00	2.956772e-01	9.999621e-05
1	1	6.522111e+00	2.995186e-01	9.999514e-05
1	1	6.609514e+00	3.032684e-01	9.999561e-05
1	1	6.697779e+00	3.070946e-01	9.999526e-05
1	1	6.785886e+00	3.108139e-01	9.999502e-05
1	1	6.874020e+00	3.145752e-01	9.999621e-05
1	1	6.961801e+00	3.183441e-01	9.999669e-05
1	1	7.049289e+00	3.221207e-01	9.999681e-05
1	1	7.137942e+00	3.258629e-01	9.999609e-05
1	1	7.225813e+00	3.295937e-01	9.999621e-05
1	1	7.313415e+00	3.333893e-01	9.999502e-05
1	1	7.401875e+00	3.371887e-01	9.999537e-05
1	1	7.489911e+00	3.409767e-01	9.999597e-05
1	1	7.577329e+00	3.447762e-01	9.999764e-05
1	1	7.666271e+00	3.484612e-01	9.999657e-05
1	1	7.753992e+00	3.522873e-01	9.999645e-05
1	1	7.841605e+00	3.559761e-01	9.999776e-05
1	1	7.929717e+00	3.596878e-01	9.999597e-05
1	1	8.017375e+00	3.636055e-01	9.999776e-05
1	1	8.106002e+00	3.673439e-01	9.999537e-05
1	1	8.194013e+00	3.710022e-01	9.999609e-05
1	1	8.281741e+00	3.747520e-01	9.999669e-05
1	1	8.369623e+00	3.784370e-01	9.999788e-05
1	1	8.457988e+00	3.822975e-01	9.999597e-05
1	1	8.546018e+00	3.860817e-01	9.999704e-05
1	1	8.633506e+00	3.898048e-01	9.999669e-05
1	1	8.721566e+00	3.935547e-01	9.999704e-05
1	1	8.809733e+00	3.973083e-01	9.999681e-05
1	1	8.897298e+00	4.010887e-01	9.999704e-05
1	1	8.985740e+00	4.049339e-01	9.999776e-05
1	1	9.073985e+00	4.086761e-01	9.999526e-05
1	1	9.161412e+00	4.122620e-01	9.999752e-05
1	1	9.249611e+00	4.160919e-01	9.999752e-05
1	1	9.337377e+00	4.198303e-01	9.999704e-05
1	1	9.425394e+00	4.236031e-01	9.999692e-05
1	1	9.513445e+00	4.272728e-01	9.999740e-05
1	1	9.601661e+00	4.310646e-01	9.999609e-05
1	1	9.689483e+00	4.347649e-01	9.999609e-05
1	1	9.778225e+00	4.385529e-01	9.999728e-05
1	1	9.866202e+00	4.424248e-01	9.999549e-05
1	1	9.954248e+00	4.460564e-01	9.999692e-05
1	1	1.004187e+01	4.498329e-01	9.999633e-05
1	1	1.012995e+01	4.535751e-01	9.999573e-05
1	1	1.021800e+01	4.572830e-01	9.999573e-05
1	1	1.030537e+01	4.610672e-01	9.999800e-05
1	1	1.039350e+01	4.646950e-01	9.999490e-05
1	1	1.048199e+01	4.684372e-01	9.999764e-05
1	1	1.056924e+01	4.723511e-01	9.999609e-05
1	1	1.065785e+01	4.759140e-01	9.999573e-05
1	1	1.074567e+01	4.797287e-01	9.999549e-05
1	1	1.083336e+01	4.834518e-01	9.999681e-05
1	1	1.092181e+01	4.872055e-01	9.999847e-05
1	1	1.101019e+01	4.909134e-01	9.999645e-05
1	1	1.109825e+01	4.946785e-01	9.999728e-05
1	1	1.118601e+01	4.984207e-01	9.999549e-05
1	1	1.127413e+01	5.021820e-01	9.999573e-05
1	2	1.136202e+01	4.916458e-01	-2.122080e-05
1	2	1.145013e+01	4.786415e-01	-9.996128e-05
1	2	1.153745e+01	4.745140e-01	-9.996057e-05
1	2	1.162610e+01	4.703026e-01	-9.996104e-05
1	2	1.171406e+01	4.661942e-01	-9.996057e-05
1	2	1.180182e+01	4.620476e-01	-9.996009e-05
1	2	1.188944e+01	4.579124e-01	-9.996510e-05
1	2	1.197825e+01	4.539757e-01	-9.996271e-05
1	2	1.206619e+01	4.499054e-01	-9.996259e-05
1	2	1.215341e+01	4.458809e-01	-9.996176e-05
1	2	1.224147e+01	4.418602e-01	-9.996188e-05
1	2	1.232945e+01	4.378166e-01	-9.996319e-05
1	2	1.241765e+01	4.337769e-01	-9.996235e-05
1	2	1.250616e+01	4.298248e-01	-9.996033e-05
1	2	1.259419e+01	4.258881e-01	-9.995985e-05
1	2	1.268146e+01	4.218483e-01	-9.996212e-05
1	2	1.276952e+01	4.179001e-01	-9.996068e-05
1	2	1.285767e+01	4.139137e-01	-9.996212e-05
1	2	1.294585e+01	4.100075e-01	-9.996223e-05
1	2	1.303333e+01	4.061775e-01	-9.996140e-05
1	2	1.312153e+01	4.021530e-01	-9.996045e-05
1	2	1.320973e+01	3.982582e-01	-9.996116e-05
1	2	1.329753e+01	3.943100e-01	-9.996128e-05
1	2	1.338585e+01	3.903847e-01	-9.995997e-05
1	2	1.347345e+01	3.865967e-01	-9.996402e-05
1	2	1.356181e+01	3.826141e-01	-9.996235e-05
1	2	1.364989e+01	3.787117e-01	-9.996200e-05
1	2	1.373729e+01	3.747826e-01	-9.996295e-05
1	2	1.382585e+01	3.708992e-01	-9.996104e-05
1	2	1.391342e+01	3.670959e-01	-9.996152e-05
1	2	1.400135e+01	3.631439e-01	-9.996200e-05
1	2	1.408964e+01	3.592567e-01	-9.996164e-05
1	2	1.417781e+01	3.553505e-01	-9.996271e-05
1	2	1.426610e+01	3.514290e-01	-9.996295e-05
1	2	1.435383e+01	3.474960e-01	-9.996235e-05
1	2	1.444182e+01	3.436165e-01	-9.996259e-05
1	2	1.452952e+01	3.398438e-01	-9.996009e-05
1	2	1.461817e+01	3.360252e-01	-9.996307e-05
1	2	1.470543e+01	3.321075e-01	-9.996057e-05
1	2	1.479414e+01	3.281212e-01	-9.996152e-05
1	2	1.488211e+01	3.242950e-01	-9.996128e-05
1	2	1.496998e+01	3.204269e-01	-9.996307e-05
1	2	1.505793e+01	3.165817e-01	-9.996283e-05
1	2	1.514538e+01	3.128281e-01	-9.996462e-05
1	2	1.523343e+01	3.090897e-01	-9.996259e-05
1	2	1.532144e+01	3.051071e-01	-9.996247e-05
1	2	1.541014e+01	3.012009e-01	-9.996176e-05
1	2	1.549822e+01	2.972984e-01	-9.996212e-05
1	2	1.558616e+01	2.935867e-01	-9.996200e-05
1	2	1.567416e+01	2.896805e-01	-9.996152e-05
1	2	1.576172e+01	2.858543e-01	-9.996247e-05
1	2	1.584928e+01	2.819939e-01	-9.996068e-05
1	2	1.593789e+01	2.782135e-01	-9.996223e-05
1	2	1.602536e+01	2.743759e-01	-9.996104e-05
1	2	1.611375e+01	2.705269e-01	-9.996307e-05
1	2	1.620121e+01	2.667046e-01	-9.996223e-05
1	2	1.628986e+01	2.628021e-01	-9.996021e-05
1	2	1.637756e+01	2.589836e-01	-9.996176e-05
1	2	1.646522e+01	2.552376e-01	-9.996033e-05
1	2	1.655413e+01	2.514610e-01	-9.996033e-05
1	2	1.664150e+01	2.475967e-01	-9.996212e-05
1	2	1.672929e+01	2.437553e-01	-9.996319e-05
1	2	1.681800e+01	2.399216e-01	-9.996247e-05
1	2	1.690582e+01	2.360916e-01	-9.996331e-05
1	2	1.699398e+01	2.323380e-01	-9.996057e-05
1	2	1.708218e+01	2.284508e-01	-9.996355e-05
1	2	1.716971e+01	2.246475e-01	-9.996212e-05
1	2	1.725730e+01	2.208557e-01	-9.996200e-05
1	2	1.734569e+01	2.169533e-01	-9.996223e-05
1	2	1.743368e+01	2.132072e-01	-9.996355e-05
1	2	1.752165e+01	2.093086e-01	-9.996235e-05
1	2	1.760949e+01	2.055855e-01	-9.996152e-05
1	2	1.769743e+01	2.017097e-01	-9.996212e-05
1	2	1.778595e+01	1.979485e-01	-9.996152e-05
1	2	1.787412e+01	1.942062e-01	-9.996331e-05
1	2	1.796223e+01	1.903381e-01	-9.996176e-05
1	2	1.804927e+01	1.865082e-01	-9.996188e-05
1	2	1.813768e+01	1.827698e-01	-9.996068e-05
1	2	1.822579e+01	1.790276e-01	-9.996092e-05
1	2	1.831387e+01	1.751213e-01	-9.996247e-05
1	2	1.840156e+01	1.713028e-01	-9.996212e-05
1	2	1.848975e+01	1.675987e-01	-9.996414e-05
1	2	1.857761e+01	1.637115e-01	-9.996188e-05
1	2	1.866613e+01	1.600075e-01	-9.996200e-05
1	2	1.875383e+01	1.561470e-01	-9.996235e-05
1	2	1.884177e+01	1.524200e-01	-9.996259e-05
1	2	1.893014e+01	1.485825e-01	-9.996450e-05
1	2	1.901774e+01	1.448364e-01	-9.996355e-05
1	2	1.910603e+01	1.410370e-01	-9.996378e-05
1	2	1.919422e+01	1.372032e-01	-9.996247e-05
1	2	1.928165e+01	1.333923e-01	-9.996152e-05
1	2	1.937012e+01	1.296539e-01	-9.996045e-05
1	2	1.945788e+01	1.257744e-01	-9.996140e-05
1	2	1.954609e+01	1.221390e-01	-9.996033e-05
1	2	1.963424e+01	1.182899e-01	-9.996104e-05
1	2	1.972215e+01	1.144943e-01	-9.996319e-05
1	2	1.980954e+01	1.106415e-01	-9.996367e-05
1	2	1.989787e+01	1.070213e-01	-9.996402e-05
1	2	1.998589e+01	1.031609e-01	-9.996176e-05
1	2	2.007398e+01	9.930801e-02	-9.996080e-05
1	2	2.016203e+01	9.559631e-02	-9.996176e-05
1	2	2.025000e+01	9.174728e-02	-9.995973e-05
1	2	2.033817e+01	8.805084e-02	-9.996176e-05
1	2	2.042577e+01	8.421707e-02	-9.996045e-05
1	2	2.051338e+01	8.040237e-02	-9.996128e-05
1	2	2.060174e+01	7.667160e-02	-9.996116e-05
1	2	2.068936e+01	7.281494e-02	-9.996283e-05
1	2	2.077759e+01	6.916809e-02	-9.996104e-05
1	2	2.086578e+01	6.548309e-02	-9.996378e-05
1	2	2.095391e+01	6.172180e-02	-9.996223e-05
1	2	2.104189e+01	5.781937e-02	-9.996223e-05
1	2	2.112928e+01	5.405426e-02	-9.996176e-05
1	2	2.121777e+01	5.031204e-02	-9.996104e-05
1	2	2.130553e+01	4.644775e-02	-9.996164e-05
1	2	2.139412e+01	4.284286e-02	-9.996164e-05
1	2	2.148187e+01	3.910065e-02	-9.996223e-05
1	2	2.156978e+01	3.536987e-02	-9.995925e-05
1	2	2.165776e+01	3.146362e-02	-9.996152e-05
1	2	2.174584e+01	2.767181e-02	-9.996319e-05
1	2	2.183330e+01	2.379608e-02	-9.995914e-05
1	2	2.192145e+01	2.024841e-02	-9.996176e-05
1	2	2.200946e+01	1.649475e-02	-9.996128e-05
1	2	2.209811e+01	1.258469e-02	-9.996152e-05
1	2	2.218599e+01	8.941650e-03	-9.996009e-05
1	2	2.227395e+01	5.134583e-03	-9.996235e-05
1	2	2.236131e+01	1.346588e-03	-9.996259e-05
1	2	2.245027e+01	-2.376556e-03	-9.996247e-05
2	3	2.253786e+01	1.226807e-02	5.585706e-05
2	3	2.262621e+01	2.146530e-02	9.999716e-05
2	3	2.271394e+01	2.573013e-02	9.999728e-05
2	3	2.280180e+01	2.996445e-02	9.999716e-05
2	3	2.289013e+01	3.401566e-02	9.999537e-05
2	3	2.297780e+01	3.803253e-02	9.999776e-05
2	3	2.306546e+01	4.224396e-02	9.999609e-05
2	3	2.315381e+01	4.611206e-02	9.999728e-05
2	3	2.324152e+01	5.023956e-02	9.999633e-05
2	3	2.332959e+01	5.417252e-02	9.999788e-05
2	3	2.341753e+01	5.815887e-02	9.999597e-05
2	3	2.350577e+01	6.214905e-02	9.999764e-05
2	3	2.359424e+01	6.610107e-02	9.999764e-05
2	3	2.368122e+01	7.007599e-02	9.999406e-05
2	3	2.376949e+01	7.402420e-02	9.999692e-05
2	3	2.385733e+01	7.797623e-02	9.999633e-05
2	3	2.394621e+01	8.200836e-02	9.999573e-05
2	3	2.403392e+01	8.588028e-02	9.999442e-05
2	3	2.412166e+01	8.973694e-02	9.999645e-05
2	3	2.420998e+01	9.360123e-02	9.999561e-05
2	3	2.429791e+01	9.756470e-02	9.999609e-05
2	3	2.438531e+01	1.014900e-01	9.999609e-05
2	3	2.447364e+01	1.052895e-01	9.999609e-05
2	3	2.456123e+01	1.092873e-01	9.999549e-05
2	3	2.465027e+01	1.131287e-01	9.999812e-05
2	3	2.473795e+01	1.170425e-01	9.999681e-05
2	3	2.482539e+01	1.209221e-01	9.999716e-05
2	3	2.491341e+01	1.247940e-01	9.999561e-05
2	3	2.500215e+01	1.286697e-01	9.999800e-05
2	3	2.508936e+01	1.325569e-01	9.999716e-05
2	3	2.517770e+01	1.363487e-01	9.999681e-05
2	3	2.526562e+01	1.403694e-01	9.999466e-05
2	3	2.535375e+01	1.441460e-01	9.999561e-05
2	3	2.544212e+01	1.478767e-01	9.999800e-05
2	3	2.552970e+01	1.518593e-01	9.999835e-05
2	3	2.561790e+01	1.556854e-01	9.999692e-05
2	3	2.570546e+01	1.595345e-01	9.999561e-05
2	3	2.579360e+01	1.633759e-01	9.999418e-05
2	3	2.588227e+01	1.671638e-01	9.999526e-05
2	3	2.596954e+01	1.710663e-01	9.999824e-05
2	3	2.605817e+01	1.749344e-01	9.999681e-05
2	3	2.614534e+01	1.787376e-01	9.999537e-05
2	3	2.623357e+01	1.825943e-01	9.999371e-05
2	3	2.632216e+01	1.863899e-01	9.999859e-05
2	3	2.641013e+01	1.902275e-01	9.999573e-05
2	3	2.649775e+01	1.940498e-01	9.999633e-05
2	3	2.658565e+01	1.977806e-01	9.999728e-05
2	3	2.667362e+01	2.016258e-01	9.999681e-05
2	3	2.676224e+01	2.054672e-01	9.999657e-05
2	3	2.684963e+01	2.092896e-01	9.999573e-05
2	3	2.693762e+01	2.131500e-01	9.999526e-05
2	3	2.702556e+01	2.170792e-01	1.000003e-04
2	3	2.711328e+01	2.207870e-01	9.999800e-05
2	3	2.720136e+01	2.245598e-01	9.999728e-05
2	3	2.728986e+01	2.284584e-01	9.999859e-05
2	3	2.737728e+01	2.322350e-01	9.999597e-05
2	3	2.746522e+01	2.359543e-01	9.999537e-05
2	3	2.755381e+01	2.397881e-01	9.999907e-05
2	3	2.764144e+01	2.437439e-01	9.999633e-05
2	3	2.772937e+01	2.475624e-01	9.999585e-05
2	3	2.781767e+01	2.512093e-01	9.999454e-05
2	3	2.790621e+01	2.551231e-01	9.999740e-05
2	3	2.799420e+01	2.588081e-01	9.999859e-05
2	3	2.808169e+01	2.626648e-01	9.999716e-05
2	3	2.816989e+01	2.664604e-01	9.999669e-05
2	3	2.825800e+01	2.702675e-01	9.999454e-05
2	3	2.834597e+01	2.740784e-01	9.999859e-05
2	3	2.843331e+01	2.778435e-01	9.999692e-05
2	3	2.852179e+01	2.815781e-01	9.999657e-05
2	3	2.860987e+01	2.853928e-01	9.999752e-05
2	3	2.869735e+01	2.891617e-01	9.999764e-05
2	3	2.878541e+01	2.929878e-01	9.999502e-05
2	3	2.887348e+01	2.966423e-01	9.999597e-05
2	3	2.896135e+01	3.005981e-01	9.999752e-05
2	3	2.905015e+01	3.044090e-01	9.999788e-05
2	3	2.913790e+01	3.081207e-01	9.999800e-05
2	3	2.922562e+01	3.119545e-01	9.999585e-05
2	3	2.931410e+01	3.157196e-01	9.999681e-05
2	3	2.940217e+01	3.195190e-01	9.999800e-05
2	3	2.948941e+01	3.232422e-01	9.999788e-05
2	3	2.957753e+01	3.269691e-01	9.999633e-05
2	3	2.966577e+01	3.307724e-01	9.999537e-05
2	3	2.975358e+01	3.345413e-01	9.999573e-05
2	3	2.984153e+01	3.384171e-01	9.999466e-05
2	3	2.992941e+01	3.420372e-01	9.999514e-05
2	3	3.001737e+01	3.460236e-01	9.999597e-05
2	3	3.010539e+01	3.497009e-01	9.999692e-05
2	3	3.019364e+01	3.534584e-01	9.999597e-05
2	3	3.028168e+01	3.571281e-01	9.999502e-05
2	3	3.036975e+01	3.609657e-01	9.999573e-05
2	3	3.045736e+01	3.646851e-01	9.999573e-05
2	3	3.054609e+01	3.686256e-01	9.999728e-05
2	3	3.063407e+01	3.722878e-01	9.999561e-05
2	3	3.072193e+01	3.760452e-01	9.999597e-05
2	3	3.080948e+01	3.797836e-01	9.999692e-05
2	3	3.089770e+01	3.835373e-01	9.999704e-05
2	3	3.098524e+01	3.873825e-01	9.999633e-05
2	3	3.107363e+01	3.911095e-01	9.999681e-05
2	3	3.116135e+01	3.948174e-01	9.999692e-05
2	3	3.124965e+01	3.986435e-01	9.999943e-05
2	3	3.133814e+01	4.022827e-01	9.999716e-05
2	3	3.142601e+01	4.061737e-01	9.999549e-05
2	3	3.151353e+01	4.099960e-01	9.999812e-05
2	3	3.160132e+01	4.137001e-01	9.999442e-05
2	3	3.168979e+01	4.172783e-01	9.999597e-05
2	3	3.177739e+01	4.211121e-01	9.999621e-05
2	3	3.186574e+01	4.248810e-01	9.999633e-05
2	3	3.195346e+01	4.287071e-01	9.999609e-05
2	3	3.204159e+01	4.323769e-01	9.999740e-05
2	3	3.213007e+01	4.361801e-01	9.999514e-05
2	3	3.221795e+01	4.398918e-01	9.999776e-05
2	3	3.230591e+01	4.437370e-01	9.999835e-05
2	3	3.239342e+01	4.474869e-01	9.999657e-05
2	3	3.248207e+01	4.510651e-01	9.999812e-05
2	3	3.256949e+01	4.548988e-01	9.999645e-05
2	3	3.265787e+01	4.587555e-01	9.999812e-05
2	3	3.274585e+01	4.624138e-01	9.999740e-05
2	3	3.283364e+01	4.661598e-01	9.999776e-05
2	3	3.292179e+01	4.698792e-01	9.999526e-05
2	3	3.301021e+01	4.736748e-01	9.999740e-05
2	3	3.309811e+01	4.774590e-01	9.999549e-05
2	3	3.318571e+01	4.811363e-01	9.999704e-05
2	3	3.327380e+01	4.848976e-01	9.999430e-05
2	3	3.336190e+01	4.886894e-01	9.999669e-05
2	3	3.344950e+01	4.924164e-01	9.999788e-05
2	3	3.353741e+01	4.961929e-01	9.999776e-05
2	3	3.362534e+01	4.997940e-01	9.999573e-05
2	3	3.371363e+01	5.036545e-01	9.999728e-05
2	4	3.380171e+01	4.896507e-01	-4.894757e-05
2	4	3.388941e+01	4.797020e-01	-9.996235e-05
2	4	3.397747e+01	4.754677e-01	-9.996283e-05
2	4	3.406585e+01	4.713783e-01	-9.996176e-05
2	4	3.415404e+01	4.672050e-01	-9.996176e-05
2	4	3.424130e+01	4.630661e-01	-9.996355e-05
2	4	3.432932e+01	4.591179e-01	-9.996152e-05
2	4	3.441771e+01	4.549065e-01	-9.996295e-05
2	4	3.450552e+01	4.508705e-01	-9.996247e-05
2	4	3.459379e+01	4.469070e-01	-9.996128e-05
2	4	3.468149e+01	4.428864e-01	-9.996343e-05
2	4	3.476957e+01	4.389458e-01	-9.996223e-05
2	4	3.485777e+01	4.349289e-01	-9.996402e-05
2	4	3.494618e+01	4.309158e-01	-9.996152e-05
2	4	3.503369e+01	4.269409e-01	-9.995985e-05
2	4	3.512139e+01	4.229431e-01	-9.996295e-05
2	4	3.520996e+01	4.190559e-01	-9.996378e-05
2	4	3.529787e+01	4.151497e-01	-9.996021e-05
2	4	3.538540e+01	4.112740e-01	-9.996080e-05
2	4	3.547414e+01	4.072952e-01	-9.996426e-05
2	4	3.556184e+01	4.032745e-01	-9.996295e-05
2	4	3.564934e+01	3.992996e-01	-9.996307e-05
2	4	3.573805e+01	3.955269e-01	-9.996188e-05
2	4	3.582565e+01	3.915596e-01	-9.996319e-05
2	4	3.591418e+01	3.875732e-01	-9.996331e-05
2	4	3.600159e+01	3.837013e-01	-9.996355e-05
2	4	3.608926e+01	3.796883e-01	-9.996188e-05
2	4	3.617824e+01	3.759117e-01	-9.996247e-05
2	4	3.626630e+01	3.720093e-01	-9.996271e-05
2	4	3.635357e+01	3.681602e-01	-9.996152e-05
2	4	3.644196e+01	3.641624e-01	-9.996200e-05
2	4	3.653019e+01	3.603935e-01	-9.996164e-05
2	4	3.661816e+01	3.563995e-01	-9.996235e-05
2	4	3.670552e+01	3.525620e-01	-9.996116e-05
2	4	3.679358e+01	3.487206e-01	-9.996343e-05
2	4	3.688199e+01	3.448410e-01	-9.996319e-05
2	4	3.696928e+01	3.409309e-01	-9.996223e-05
2	4	3.705818e+01	3.371239e-01	-9.996188e-05
2	4	3.714568e+01	3.331985e-01	-9.996259e-05
2	4	3.723383e+01	3.293533e-01	-9.995997e-05
2	4	3.732205e+01	3.255043e-01	-9.996247e-05
2	4	3.740985e+01	3.216476e-01	-9.996164e-05
2	4	3.749767e+01	3.177795e-01	-9.996200e-05
2	4	3.758590e+01	3.139000e-01	-9.996307e-05
2	4	3.767345e+01	3.101120e-01	-9.996223e-05
2	4	3.776128e+01	3.062630e-01	-9.996152e-05
2	4	3.784935e+01	3.025017e-01	-9.996104e-05
2	4	3.793816e+01	2.986069e-01	-9.996367e-05
2	4	3.802522e+01	2.946777e-01	-9.996176e-05
2	4	3.811335e+01	2.907867e-01	-9.996188e-05
2	4	3.820148e+01	2.869720e-01	-9.996367e-05
2	4	3.828955e+01	2.832375e-01	-9.996212e-05
2	4	3.837783e+01	2.793312e-01	-9.996045e-05
2	4	3.846553e+01	2.755165e-01	-9.996247e-05
2	4	3.855323e+01	2.716904e-01	-9.996188e-05
2	4	3.864193e+01	2.678108e-01	-9.996414e-05
2	4	3.872973e+01	2.640800e-01	-9.996068e-05
2	4	3.881793e+01	2.602654e-01	-9.996223e-05
2	4	3.890591e+01	2.563591e-01	-9.996283e-05
2	4	3.899352e+01	2.526131e-01	-9.996128e-05
2	4	3.908190e+01	2.487183e-01	-9.996367e-05
2	4	3.916941e+01	2.449684e-01	-9.996259e-05
2	4	3.925765e+01	2.411118e-01	-9.996188e-05
2	4	3.934615e+01	2.372665e-01	-9.996307e-05
2	4	3.943377e+01	2.334900e-01	-9.996355e-05
2	4	3.952171e+01	2.295723e-01	-9.996200e-05
2	4	3.960931e+01	2.258644e-01	-9.996176e-05
2	4	3.969780e+01	2.220802e-01	-9.996271e-05
2	4	3.978600e+01	2.182999e-01	-9.996033e-05
2	4	3.987356e+01	2.144890e-01	-9.996200e-05
2	4	3.996202e+01	2.106171e-01	-9.996283e-05
2	4	4.004973e+01	2.067070e-01	-9.996176e-05
2	4	4.013742e+01	2.029266e-01	-9.996152e-05
2	4	4.022558e+01	1.992493e-01	-9.996247e-05
2	4	4.031337e+01	1.955032e-01	-9.996271e-05
2	4	4.040143e+01	1.915817e-01	-9.996223e-05
2	4	4.048957e+01	1.878166e-01	-9.996295e-05
2	4	4.057746e+01	1.838875e-01	-9.995949e-05
2	4	4.066602e+01	1.801567e-01	-9.996080e-05
2	4	4.075391e+01	1.763916e-01	-9.996009e-05
2	4	4.084188e+01	1.725883e-01	-9.996247e-05
2	4	4.092988e+01	1.687393e-01	-9.996176e-05
2	4	4.101814e+01	1.650543e-01	-9.996223e-05
2	4	4.110618e+01	1.611328e-01	-9.996116e-05
2	4	4.119402e+01	1.574249e-01	-9.996295e-05
2	4	4.128125e+01	1.535759e-01	-9.996200e-05
2	4	4.136981e+01	1.498413e-01	-9.996307e-05
2	4	4.145743e+01	1.460838e-01	-9.996104e-05
2	4	4.154597e+01	1.421852e-01	-9.996247e-05
2	4	4.163357e+01	1.384621e-01	-9.996164e-05
2	4	4.172161e+01	1.346741e-01	-9.996223e-05
2	4	4.181017e+01	1.310349e-01	-9.996307e-05
2	4	4.189791e+01	1.270523e-01	-9.996080e-05
2	4	4.198552e+01	1.233139e-01	-9.996319e-05
2	4	4.207414e+01	1.195679e-01	-9.996116e-05
2	4	4.216202e+01	1.157036e-01	-9.996092e-05
2	4	4.224944e+01	1.120148e-01	-9.996295e-05
2	4	4.233727e+01	1.082497e-01	-9.995866e-05
2	4	4.242571e+01	1.044617e-01	-9.996247e-05
2	4	4.251372e+01	1.006012e-01	-9.996212e-05
2	4	4.260217e+01	9.693909e-02	-9.996152e-05
2	4	4.269011e+01	9.319305e-02	-9.996319e-05
2	4	4.277788e+01	8.927155e-02	-9.996164e-05
2	4	4.286618e+01	8.562469e-02	-9.996188e-05
2	4	4.295354e+01	8.175659e-02	-9.996068e-05
2	4	4.304163e+01	7.799911e-02	-9.996223e-05
2	4	4.312942e+01	7.421112e-02	-9.996140e-05
2	4	4.321755e+01	7.058334e-02	-9.996116e-05
2	4	4.330562e+01	6.673431e-02	-9.996021e-05
2	4	4.339406e+01	6.288528e-02	-9.996283e-05
2	4	4.348128e+01	5.905151e-02	-9.996164e-05
2	4	4.356935e+01	5.529022e-02	-9.996426e-05
2	4	4.365764e+01	5.158615e-02	-9.996128e-05
2	4	4.374584e+01	4.788208e-02	-9.996331e-05
2	4	4.383413e+01	4.406357e-02	-9.996140e-05
2	4	4.392207e+01	4.026413e-02	-9.996235e-05
2	4	4.401025e+01	3.656006e-02	-9.996438e-05
2	4	4.409791e+01	3.274155e-02	-9.996045e-05
2	4	4.418556e+01	2.907944e-02	-9.996390e-05
2	4	4.427412e+01	2.520370e-02	-9.996200e-05
2	4	4.436129e+01	2.143860e-02	-9.996259e-05
2	4	4.444982e+01	1.770782e-02	-9.996200e-05
2	4	4.453794e+01	1.386261e-02	-9.996033e-05
2	4	4.462578e+01	1.023102e-02	-9.996188e-05
2	4	4.471426e+01	6.336212e-03	-9.996104e-05
2	4	4.480130e+01	2.666473e-03	-9.996045e-05
2	4	4.489012e+01	-1.110077e-03	-9.996188e-05
3	5	4.497770e+01	1.034164e-02	2.861428e-05
3	5	4.506615e+01	2.239227e-02	9.999502e-05
3	5	4.515420e+01	2.663803e-02	9.999716e-05
3	5	4.524168e+01	3.081512e-02	9.999633e-05
3	5	4.533014e+01	3.488922e-02	9.999704e-05
3	5	4.541812e+01	3.899765e-02	9.999764e-05
3	5	4.550586e+01	4.305267e-02	9.999657e-05
3	5	4.559393e+01	4.700470e-02	9.999704e-05
3	5	4.568181e+01	5.108643e-02	9.999657e-05
3	5	4.576946e+01	5.511856e-02	9.999466e-05
3	5	4.585769e+01	5.905151e-02	9.999681e-05
3	5	4.594591e+01	6.305313e-02	9.999645e-05
3	5	4.603402e+01	6.703949e-02	9.999418e-05
3	5	4.612217e+01	7.108307e-02	9.999681e-05
3	5	4.620949e+01	7.492828e-02	9.999573e-05
3	5	4.629822e+01	7.890701e-02	9.999502e-05
3	5	4.638583e+01	8.281708e-02	9.999800e-05
3	5	4.647346e+01	8.665466e-02	9.999740e-05
3	5	4.656190e+01	9.059525e-02	9.999466e-05
3	5	4.664936e+01	9.453201e-02	9.999657e-05
3	5	4.673768e+01	9.840012e-02	9.999609e-05
3	5	4.682539e+01	1.023827e-01	9.999609e-05
3	5	4.691395e+01	1.063118e-01	9.999669e-05
3	5	4.700198e+01	1.101227e-01	9.999549e-05
3	5	4.708936e+01	1.141205e-01	9.999800e-05
3	5	4.717769e+01	1.180305e-01	9.999788e-05
3	5	4.726616e+01	1.218910e-01	9.999573e-05
3	5	4.735407e+01	1.257133e-01	9.999752e-05
3	5	4.744194e+01	1.296196e-01	9.999549e-05
3	5	4.752970e+01	1.333733e-01	9.999514e-05
3	5	4.761794e+01	1.373291e-01	9.999728e-05
3	5	4.770614e+01	1.410904e-01	9.999740e-05
3	5	4.779335e+01	1.450958e-01	9.999585e-05
3	5	4.788167e+01	1.488686e-01	9.999764e-05
3	5	4.797022e+01	1.527214e-01	9.999645e-05
3	5	4.805827e+01	1.565933e-01	9.999549e-05
3	5	4.814622e+01	1.604805e-01	9.999824e-05
3	5	4.823355e+01	1.644287e-01	9.999573e-05
3	5	4.832143e+01	1.681366e-01	9.999728e-05
3	5	4.840998e+01	1.720200e-01	9.999585e-05
3	5	4.849764e+01	1.757812e-01	9.999669e-05
3	5	4.858577e+01	1.797104e-01	9.999752e-05
3	5	4.867337e+01	1.835365e-01	9.999835e-05
3	5	4.876129e+01	1.873932e-01	9.999716e-05
3	5	4.884954e+01	1.911888e-01	9.999728e-05
3	5	4.893820e+01	1.949463e-01	9.999609e-05
3	5	4.902622e+01	1.989174e-01	9.999788e-05
3	5	4.911389e+01	2.026863e-01	9.999633e-05
3	5	4.920201e+01	2.064857e-01	9.999824e-05
3	5	4.929027e+01	2.103577e-01	9.999752e-05
3	5	4.937793e+01	2.142258e-01	9.999692e-05
3	5	4.946622e+01	2.178421e-01	9.999716e-05
3	5	4.955391e+01	2.217369e-01	9.999537e-05
3	5	4.964193e+01	2.255936e-01	9.999526e-05
3	5	4.972936e+01	2.294846e-01	9.999621e-05
3	5	4.981791e+01	2.330475e-01	9.999645e-05
3	5	4.990577e+01	2.369003e-01	9.999526e-05
3	5	4.999333e+01	2.408028e-01	9.999526e-05
3	5	5.008179e+01	2.445831e-01	9.999561e-05
3	5	5.016976e+01	2.484970e-01	9.999669e-05
3	5	5.025737e+01	2.520981e-01	9.999776e-05
3	5	5.034615e+01	2.560196e-01	9.999704e-05
3	5	5.043374e+01	2.597618e-01	9.999442e-05
3	5	5.052181e+01	2.636604e-01	9.999621e-05
3	5	5.060991e+01	2.674065e-01	9.999502e-05
3	5	5.069782e+01	2.711792e-01	9.999371e-05
3	5	5.078603e+01	2.749596e-01	9.999466e-05
3	5	5.087390e+01	2.788506e-01	9.999752e-05
3	5	5.096205e+01	2.825813e-01	9.999537e-05
3	5	5.104973e+01	2.863503e-01	9.999716e-05
3	5	5.113800e+01	2.901459e-01	9.999657e-05
3	5	5.122520e+01	2.939110e-01	9.999704e-05
3	5	5.131352e+01	2.976456e-01	9.999573e-05
3	5	5.140180e+01	3.015022e-01	9.999788e-05
3	5	5.148947e+01	3.052826e-01	9.999657e-05
3	5	5.157745e+01	3.090973e-01	9.999657e-05
3	5	5.166556e+01	3.129082e-01	9.999621e-05
3	5	5.175334e+01	3.167534e-01	9.999502e-05
3	5	5.184170e+01	3.203888e-01	9.999609e-05
3	5	5.193001e+01	3.242340e-01	9.999573e-05
3	5	5.201754e+01	3.279686e-01	9.999645e-05
3	5	5.210601e+01	3.318481e-01	9.999740e-05
3	5	5.219412e+01	3.355026e-01	9.999669e-05
3	5	5.228189e+01	3.394051e-01	9.999537e-05
3	5	5.236982e+01	3.431244e-01	9.999669e-05
3	5	5.245730e+01	3.469658e-01	9.999478e-05
3	5	5.254585e+01	3.507500e-01	9.999800e-05
3	5	5.263351e+01	3.544044e-01	9.999859e-05
3	5	5.272216e+01	3.582764e-01	9.999824e-05
3	5	5.280948e+01	3.620682e-01	9.999740e-05
3	5	5.289826e+01	3.656425e-01	9.999561e-05
3	5	5.298566e+01	3.695564e-01	9.999704e-05
3	5	5.307369e+01	3.732986e-01	9.999657e-05
3	5	5.316175e+01	3.770828e-01	9.999490e-05
3	5	5.325004e+01	3.808022e-01	9.999609e-05
3	5	5.333778e+01	3.846512e-01	9.999669e-05
3	5	5.342565e+01	3.882828e-01	9.999871e-05
3	5	5.351393e+01	3.921356e-01	9.999609e-05
3	5	5.360141e+01	3.959579e-01	9.999812e-05
3	5	5.368985e+01	3.995323e-01	9.999526e-05
3	5	5.377778e+01	4.034271e-01	9.999716e-05
3	5	5.386577e+01	4.071808e-01	9.999824e-05
3	5	5.395341e+01	4.108543e-01	9.999633e-05
3	5	5.404172e+01	4.145927e-01	9.999788e-05
3	5	5.412984e+01	4.183426e-01	9.999692e-05
3	5	5.421788e+01	4.221687e-01	9.999537e-05
3	5	5.430586e+01	4.259529e-01	9.999633e-05
3	5	5.439426e+01	4.297066e-01	9.999788e-05
3	5	5.448168e+01	4.333649e-01	9.999669e-05
3	5	5.457006e+01	4.371948e-01	9.999537e-05
3	5	5.465767e+01	4.409256e-01	9.999716e-05
3	5	5.474597e+01	4.446259e-01	9.999740e-05
3	5	5.483350e+01	4.484749e-01	9.999704e-05
3	5	5.492140e+01	4.520760e-01	9.999752e-05
3	5	5.500973e+01	4.559746e-01	9.999883e-05
3	5	5.509815e+01	4.595985e-01	9.999692e-05
3	5	5.518605e+01	4.634514e-01	9.999633e-05
3	5	5.527359e+01	4.672165e-01	9.999681e-05
3	5	5.536186e+01	4.708672e-01	9.999716e-05
3	5	5.544957e+01	4.746628e-01	9.999812e-05
3	5	5.553811e+01	4.784622e-01	9.999657e-05
3	5	5.562561e+01	4.821815e-01	9.999824e-05
3	5	5.571406e+01	4.859161e-01	9.999430e-05
3	5	5.580131e+01	4.896317e-01	9.999716e-05
3	5	5.588964e+01	4.933205e-01	9.999752e-05
3	5	5.597729e+01	4.970360e-01	9.999716e-05
3	5	5.606553e+01	5.008202e-01	9.999597e-05
3	6	5.615338e+01	4.917946e-01	-9.066224e-06
3	6	5.624130e+01	4.776306e-01	-9.996092e-05
3	6	5.633015e+01	4.733238e-01	-9.996188e-05
3	6	5.641768e+01	4.691391e-01	-9.996295e-05
3	6	5.650530e+01	4.651222e-01	-9.996188e-05
3	6	5.659348e+01	4.609604e-01	-9.996319e-05
3	6	5.668142e+01	4.568100e-01	-9.996235e-05
3	6	5.676978e+01	4.528275e-01	-9.996188e-05
3	6	5.685783e+01	4.488106e-01	-9.996200e-05
3	6	5.694605e+01	4.446869e-01	-9.996188e-05
3	6	5.703379e+01	4.407997e-01	-9.996033e-05
3	6	5.712165e+01	4.367867e-01	-9.996188e-05
3	6	5.720998e+01	4.326935e-01	-9.996510e-05
3	6	5.729811e+01	4.287682e-01	-9.996128e-05
3	6	5.738526e+01	4.249077e-01	-9.996247e-05
3	6	5.747413e+01	4.208450e-01	-9.996212e-05
3	6	5.756178e+01	4.167938e-01	-9.996355e-05
3	6	5.765019e+01	4.128609e-01	-9.996212e-05
3	6	5.773783e+01	4.089050e-01	-9.996045e-05
3	6	5.782544e+01	4.051628e-01	-9.996140e-05
3	6	5.791405e+01	4.011574e-01	-9.996033e-05
3	6	5.800188e+01	3.971939e-01	-9.996164e-05
3	6	5.809000e+01	3.932762e-01	-9.996164e-05
3	6	5.817805e+01	3.894005e-01	-9.996307e-05
3	6	5.826580e+01	3.854866e-01	-9.996223e-05
3	6	5.835415e+01	3.815002e-01	-9.996057e-05
3	6	5.844154e+01	3.776131e-01	-9.996235e-05
3	6	5.852949e+01	3.737526e-01	-9.996307e-05
3	6	5.861734e+01	3.699188e-01	-9.996188e-05
3	6	5.870622e+01	3.659935e-01	-9.996200e-05
3	6	5.879340e+01	3.619881e-01	-9.996235e-05
3	6	5.888167e+01	3.582458e-01	-9.996212e-05
3	6	5.896982e+01	3.543854e-01	-9.996295e-05
3	6	5.905819e+01	3.503456e-01	-9.996176e-05
3	6	5.914537e+01	3.465729e-01	-9.996283e-05
3	6	5.923413e+01	3.427505e-01	-9.996140e-05
3	6	5.932130e+01	3.388748e-01	-9.996295e-05
3	6	5.941003e+01	3.350143e-01	-9.996140e-05
3	6	5.949769e+01	3.309975e-01	-9.996235e-05
3	6	5.958606e+01	3.272133e-01	-9.996104e-05
3	6	5.967366e+01	3.233376e-01	-9.996271e-05
3	6	5.976175e+01	3.196182e-01	-9.996307e-05
3	6	5.984941e+01	3.155861e-01	-9.996247e-05
3	6	5.993773e+01	3.119507e-01	-9.996176e-05
3	6	6.002537e+01	3.080254e-01	-9.996378e-05
3	6	6.011346e+01	3.041534e-01	-9.996200e-05
3	6	6.020146e+01	3.002396e-01	-9.996331e-05
3	6	6.028967e+01	2.964058e-01	-9.996212e-05
3	6	6.037749e+01	2.925110e-01	-9.996271e-05
3	6	6.046613e+01	2.888489e-01	-9.996164e-05
3	6	6.055411e+01	2.849617e-01	-9.996307e-05
3	6	6.064206e+01	2.810631e-01	-9.996164e-05
3	6	6.072972e+01	2.773170e-01	-9.996259e-05
3	6	6.081782e+01	2.733955e-01	-9.996200e-05
3	6	6.090577e+01	2.696190e-01	-9.996295e-05
3	6	6.099357e+01	2.657204e-01	-9.996319e-05
3	6	6.108148e+01	2.619553e-01	-9.996092e-05
3	6	6.116935e+01	2.580948e-01	-9.996271e-05
3	6	6.125810e+01	2.542534e-01	-9.996223e-05
3	6	6.134566e+01	2.503815e-01	-9.996235e-05
3	6	6.143420e+01	2.466774e-01	-9.996307e-05
3	6	6.152139e+01	2.428894e-01	-9.996009e-05
3	6	6.160978e+01	2.389755e-01	-9.996128e-05
3	6	6.169771e+01	2.351418e-01	-9.996128e-05
3	6	6.178550e+01	2.313614e-01	-9.996402e-05
3	6	6.187354e+01	2.276306e-01	-9.996128e-05
3	6	6.196209e+01	2.237511e-01	-9.996128e-05
3	6	6.204933e+01	2.199936e-01	-9.996188e-05
3	6	6.213791e+01	2.161980e-01	-9.996045e-05
3	6	6.222559e+01	2.122345e-01	-9.996164e-05
3	6	6.231391e+01	2.084312e-01	-9.996176e-05
3	6	6.240199e+01	2.047768e-01	-9.996057e-05
3	6	6.249012e+01	2.008514e-01	-9.996092e-05
3	6	6.257772e+01	1.970177e-01	-9.996152e-05
3	6	6.266594e+01	1.932449e-01	-9.996283e-05
3	6	6.275361e+01	1.894073e-01	-9.996128e-05
3	6	6.284140e+01	1.857376e-01	-9.996414e-05
3	6	6.292965e+01	1.818085e-01	-9.996271e-05
3	6	6.301731e+01	1.780586e-01	-9.996033e-05
3	6	6.310623e+01	1.743355e-01	-9.995949e-05
3	6	6.319359e+01	1.704865e-01	-9.996235e-05
3	6	6.328220e+01	1.667213e-01	-9.996223e-05
3	6	6.336957e+01	1.628990e-01	-9.996235e-05
3	6	6.345735e+01	1.590843e-01	-9.996104e-05
3	6	6.354626e+01	1.553192e-01	-9.996271e-05
3	6	6.363331e+01	1.515923e-01	-9.996176e-05
3	6	6.372218e+01	1.478233e-01	-9.996223e-05
3	6	6.380994e+01	1.439934e-01	-9.996176e-05
3	6	6.389796e+01	1.402435e-01	-9.996235e-05
3	6	6.398581e+01	1.364250e-01	-9.996140e-05
3	6	6.407332e+01	1.325340e-01	-9.996223e-05
3	6	6.416157e+01	1.286774e-01	-9.996331e-05
3	6	6.424928e+01	1.249962e-01	-9.996068e-05
3	6	6.433767e+01	1.212158e-01	-9.996247e-05
3	6	6.442542e+01	1.174736e-01	-9.996259e-05
3	6	6.451356e+01	1.137657e-01	-9.996235e-05
3	6	6.460199e+01	1.099129e-01	-9.996021e-05
3	6	6.469006e+01	1.059914e-01	-9.996033e-05
3	6	6.477823e+01	1.023712e-01	-9.996164e-05
3	6	6.486535e+01	9.849167e-02	-9.996319e-05
3	6	6.495415e+01	9.479141e-02	-9.996295e-05
3	6	6.504204e+01	9.101486e-02	-9.996212e-05
3	6	6.512961e+01	8.721542e-02	-9.996319e-05
3	6	6.521763e+01	8.342361e-02	-9.996212e-05
3	6	6.530572e+01	7.960892e-02	-9.996271e-05
3	6	6.539360e+01	7.584000e-02	-9.996343e-05
3	6	6.548188e+01	7.215881e-02	-9.996235e-05
3	6	6.556920e+01	6.841278e-02	-9.996200e-05
3	6	6.565772e+01	6.455994e-02	-9.996092e-05
3	6	6.574537e+01	6.082153e-02	-9.996188e-05
3	6	6.583336e+01	5.707932e-02	-9.996128e-05
3	6	6.592165e+01	5.333328e-02	-9.996259e-05
3	6	6.600989e+01	4.949951e-02	-9.996402e-05
3	6	6.609818e+01	4.583740e-02	-9.996390e-05
3	6	6.618614e+01	4.203033e-02	-9.996200e-05
3	6	6.627387e+01	3.813553e-02	-9.996152e-05
3	6	6.636205e+01	3.449631e-02	-9.996164e-05
3	6	6.645019e+01	3.062820e-02	-9.996128e-05
3	6	6.653809e+01	2.692795e-02	-9.996235e-05
3	6	6.662579e+01	2.308273e-02	-9.996176e-05
3	6	6.671347e+01	1.938629e-02	-9.996128e-05
3	6	6.680143e+01	1.559067e-02	-9.996295e-05
3	6	6.688947e+01	1.187897e-02	-9.996283e-05
3	6	6.697819e+01	8.186340e-03	-9.996367e-05
3	6	6.706535e+01	4.356384e-03	-9.996259e-05
3	6	6.715355e+01	6.103516e-04	-9.996212e-05
3	6	6.724160e+01	-3.211975e-03	-9.996331e-05
