Cycle number	Half cycle number	Elapsed time (s)	Potential (V)	Current (A)
1	1	1.079191e-02	6.473541e-03	-8.259535e-06
1	1	9.952924e-02	1.840591e-02	5.001104e-05
1	1	1.882300e-01	2.043533e-02	5.000484e-05
1	1	2.757040e-01	2.252197e-02	5.000639e-05
1	1	3.639782e-01	2.461624e-02	5.000842e-05
1	1	4.518522e-01	2.648163e-02	5.001211e-05
1	1	5.402022e-01	2.853012e-02	5.000734e-05
1	1	6.282835e-01	3.039169e-02	5.000639e-05
1	1	7.158942e-01	3.248978e-02	5.000710e-05
1	1	8.044005e-01	3.444672e-02	5.000854e-05
1	1	8.918833e-01	3.640747e-02	5.000639e-05
1	1	9.801270e-01	3.834152e-02	5.001009e-05
1	1	1.068091e+00	4.042053e-02	5.000937e-05
1	1	1.155607e+00	4.225540e-02	5.000734e-05
1	1	1.243899e+00	4.431534e-02	5.000818e-05
1	1	1.332305e+00	4.618073e-02	5.000937e-05
1	1	1.419678e+00	4.807281e-02	5.000675e-05
1	1	1.508007e+00	5.003738e-02	5.000722e-05
1	1	1.595626e+00	5.201340e-02	5.000806e-05
1	1	1.684364e+00	5.392075e-02	5.000579e-05
1	1	1.772066e+00	5.585861e-02	5.000722e-05
1	1	1.860028e+00	5.775833e-02	5.001152e-05
1	1	1.948067e+00	5.970764e-02	5.000460e-05
1	1	2.035931e+00	6.167603e-02	5.000508e-05
1	1	2.124153e+00	6.377029e-02	5.000794e-05
1	1	2.211798e+00	6.560516e-02	5.000722e-05
1	1	2.299797e+00	6.746674e-02	5.000520e-05
1	1	2.388297e+00	6.939316e-02	5.000603e-05
1	1	2.475876e+00	7.142639e-02	5.000579e-05
1	1	2.564001e+00	7.330322e-02	5.000770e-05
1	1	2.651833e+00	7.517624e-02	5.000794e-05
1	1	2.739878e+00	7.711029e-02	5.000758e-05
1	1	2.828260e+00	7.905579e-02	5.000639e-05
1	1	2.915574e+00	8.084106e-02	5.000877e-05
1	1	3.003669e+00	8.281326e-02	5.001032e-05
1	1	3.092163e+00	8.474350e-02	5.000722e-05
1	1	3.180187e+00	8.666611e-02	5.000722e-05
1	1	3.268212e+00	8.854294e-02	5.000842e-05
1	1	3.355493e+00	9.055328e-02	5.000794e-05
1	1	3.443727e+00	9.246826e-02	5.000806e-05
1	1	3.532139e+00	9.428406e-02	5.000615e-05
1	1	3.619360e+00	9.617996e-02	5.000913e-05
1	1	3.707848e+00	9.813309e-02	5.000675e-05
1	1	3.795929e+00	1.001396e-01	5.000722e-05
1	1	3.884075e+00	1.020241e-01	5.000472e-05
1	1	3.971459e+00	1.038704e-01	5.000734e-05
1	1	4.060391e+00	1.059303e-01	5.000889e-05
1	1	4.148232e+00	1.077728e-01	5.000556e-05
1	1	4.235464e+00	1.096573e-01	5.000746e-05
1	1	4.323912e+00	1.114998e-01	5.000544e-05
1	1	4.412376e+00	1.134491e-01	5.001080e-05
1	1	4.500155e+00	1.154480e-01	5.000651e-05
1	1	4.587753e+00	1.173134e-01	5.000782e-05
1	1	4.676166e+00	1.191826e-01	5.000556e-05
1	1	4.763698e+00	1.210442e-01	5.000877e-05
1	1	4.851926e+00	1.229858e-01	5.000889e-05
1	1	4.940113e+00	1.249466e-01	5.000603e-05
1	1	5.028038e+00	1.268845e-01	5.000675e-05
1	1	5.115691e+00	1.288414e-01	5.000746e-05
1	1	5.204219e+00	1.306496e-01	5.000615e-05
1	1	5.292179e+00	1.324768e-01	5.000710e-05
1	1	5.380177e+00	1.345901e-01	5.000877e-05
1	1	5.467927e+00	1.362839e-01	5.000842e-05
1	1	5.555575e+00	1.381760e-01	5.000854e-05
1	1	5.644162e+00	1.401634e-01	5.000544e-05
1	1	5.731778e+00	1.419945e-01	5.000758e-05
1	1	5.820142e+00	1.438866e-01	5.000782e-05
1	1	5.908376e+00	1.458702e-01	5.000639e-05
1	1	5.996206e+00	1.476822e-01	5.000651e-05
1	1	6.084140e+00	1.495781e-01	5.000734e-05
1	1	6.171441e+00	1.515312e-01	5.000579e-05
1	1	6.259812e+00	1.533699e-01	5.000889e-05
1	1	6.347914e+00	1.551895e-01	5.000508e-05
1	1	6.436419e+00	1.571083e-01	5.000842e-05
1	1	6.524087e+00	1.590767e-01	5.000675e-05
1	1	6.612285e+00	1.609421e-01	5.000722e-05
1	1	6.700375e+00	1.629028e-01	5.001056e-05
1	1	6.787795e+00	1.647339e-01	5.000770e-05
1	1	6.876440e+00	1.665764e-01	5.000806e-05
1	1	6.964070e+00	1.685143e-01	5.000937e-05
1	1	7.051695e+00	1.703072e-01	5.000818e-05
1	1	7.139812e+00	1.723099e-01	5.000615e-05
1	1	7.227918e+00	1.741371e-01	5.000758e-05
1	1	7.316110e+00	1.761169e-01	5.000985e-05
1	1	7.404378e+00	1.780128e-01	5.000675e-05
1	1	7.491893e+00	1.798325e-01	5.000865e-05
1	1	7.580001e+00	1.815910e-01	5.000651e-05
1	1	7.667629e+00	1.835327e-01	5.000699e-05
1	1	7.755988e+00	1.854439e-01	5.000806e-05
1	1	7.844031e+00	1.873436e-01	5.000830e-05
1	1	7.931711e+00	1.892052e-01	5.000722e-05
1	1	8.020116e+00	1.910172e-01	5.000830e-05
1	1	8.107912e+00	1.930237e-01	5.000675e-05
1	1	8.195508e+00	1.948814e-01	5.000579e-05
1	1	8.283994e+00	1.967392e-01	5.000901e-05
1	1	8.372297e+00	1.986771e-01	5.000806e-05
1	1	8.459493e+00	2.005615e-01	5.000961e-05
1	1	8.548344e+00	2.024536e-01	5.000687e-05
1	1	8.635763e+00	2.043495e-01	5.000877e-05
1	1	8.724040e+00	2.062225e-01	5.000687e-05
1	1	8.812039e+00	2.080307e-01	5.000770e-05
1	1	8.899468e+00	2.100525e-01	5.000794e-05
1	1	8.987855e+00	2.118149e-01	5.000746e-05
1	1	9.075790e+00	2.136803e-01	5.000830e-05
1	1	9.164075e+00	2.156181e-01	5.000913e-05
1	1	9.251726e+00	2.174911e-01	5.000877e-05
1	1	9.339867e+00	2.193985e-01	5.000675e-05
1	1	9.428287e+00	2.212639e-01	5.000865e-05
1	1	9.515971e+00	2.231750e-01	5.000687e-05
1	1	9.603967e+00	2.249985e-01	5.000722e-05
1	1	9.691724e+00	2.268524e-01	5.000830e-05
1	1	9.780386e+00	2.287216e-01	5.000782e-05
1	1	9.868223e+00	2.305641e-01	5.000877e-05
1	1	9.955682e+00	2.325935e-01	5.000710e-05
1	1	1.004426e+01	2.342873e-01	5.000663e-05
1	1	1.013185e+01	2.362022e-01	5.000615e-05
1	1	1.022014e+01	2.381401e-01	5.000806e-05
1	1	1.030746e+01	2.400131e-01	5.000782e-05
1	1	1.039568e+01	2.419319e-01	5.000663e-05
1	1	1.048350e+01	2.438011e-01	5.000699e-05
1	1	1.057159e+01	2.456322e-01	5.000436e-05
1	1	1.065995e+01	2.474251e-01	5.000591e-05
1	1	1.074841e+01	2.493744e-01	5.000818e-05
1	1	1.083561e+01	2.513199e-01	5.000806e-05
1	1	1.092423e+01	2.531128e-01	5.000675e-05
1	1	1.101183e+01	2.550125e-01	5.000496e-05
1	1	1.110007e+01	2.569275e-01	5.000722e-05
1	1	1.118766e+01	2.587318e-01	5.000877e-05
1	1	1.127592e+01	2.605820e-01	5.001032e-05
1	1	1.136358e+01	2.624245e-01	5.000758e-05
1	1	1.145158e+01	2.644005e-01	5.000842e-05
1	1	1.153961e+01	2.661743e-01	5.000615e-05
1	1	1.162817e+01	2.681389e-01	5.000710e-05
1	1	1.171629e+01	2.699585e-01	5.000997e-05
1	1	1.180411e+01	2.718468e-01	5.000794e-05
1	1	1.189188e+01	2.737770e-01	5.000627e-05
1	1	1.198015e+01	2.755737e-01	5.000830e-05
1	1	1.206804e+01	2.775192e-01	5.000818e-05
1	1	1.215566e+01	2.792473e-01	5.000770e-05
1	1	1.224378e+01	2.811623e-01	5.000746e-05
1	1	1.233217e+01	2.830353e-01	5.000710e-05
1	1	1.242015e+01	2.849007e-01	5.000639e-05
1	1	1.250749e+01	2.868080e-01	5.001044e-05
1	1	1.259590e+01	2.886467e-01	5.000818e-05
1	1	1.268422e+01	2.904968e-01	5.000842e-05
1	1	1.277210e+01	2.922974e-01	5.000758e-05
1	1	1.286031e+01	2.942085e-01	5.000710e-05
1	1	1.294802e+01	2.960892e-01	5.000639e-05
1	1	1.303609e+01	2.980766e-01	5.000508e-05
1	1	1.312430e+01	2.997131e-01	5.000961e-05
1	1	1.321211e+01	3.017235e-01	5.000901e-05
1	1	1.330030e+01	3.035240e-01	5.000770e-05
1	1	1.338751e+01	3.054695e-01	5.000722e-05
1	1	1.347551e+01	3.073196e-01	5.000794e-05
1	1	1.356379e+01	3.091202e-01	5.000567e-05
1	1	1.365165e+01	3.110695e-01	5.000842e-05
1	1	1.374008e+01	3.128281e-01	5.000675e-05
1	1	1.382810e+01	3.147812e-01	5.000710e-05
1	1	1.391555e+01	3.165855e-01	5.000424e-05
1	1	1.400390e+01	3.184509e-01	5.000556e-05
1	1	1.409229e+01	3.202934e-01	5.000460e-05
1	1	1.417979e+01	3.221588e-01	5.000699e-05
1	1	1.426817e+01	3.240585e-01	5.000842e-05
1	1	1.435630e+01	3.258400e-01	5.000329e-05
1	1	1.444429e+01	3.277550e-01	5.000973e-05
1	1	1.453174e+01	3.296890e-01	5.000377e-05
1	1	1.461950e+01	3.314857e-01	5.000782e-05
1	1	1.470789e+01	3.334007e-01	5.000556e-05
1	1	1.479626e+01	3.352509e-01	5.000722e-05
1	1	1.488383e+01	3.369865e-01	5.000687e-05
1	1	1.497218e+01	3.389664e-01	5.000961e-05
1	1	1.505995e+01	3.407326e-01	5.000770e-05
1	1	1.514760e+01	3.427010e-01	5.000794e-05
1	1	1.523582e+01	3.445702e-01	5.000556e-05
1	1	1.532426e+01	3.463173e-01	5.000627e-05
1	1	1.541169e+01	3.482399e-01	5.000782e-05
1	1	1.549999e+01	3.501167e-01	5.000806e-05
1	1	1.558790e+01	3.519936e-01	5.000544e-05
1	1	1.567571e+01	3.537788e-01	5.000794e-05
1	1	1.576437e+01	3.556900e-01	5.000615e-05
1	1	1.585234e+01	3.574982e-01	5.000520e-05
1	1	1.593952e+01	3.593521e-01	5.000722e-05
1	1	1.602740e+01	3.612289e-01	5.000675e-05
1	1	1.611570e+01	3.630333e-01	5.000770e-05
1	1	1.620399e+01	3.649712e-01	5.000830e-05
1	1	1.629161e+01	3.667755e-01	5.000770e-05
1	1	1.638036e+01	3.687286e-01	5.000687e-05
1	1	1.646806e+01	3.705101e-01	5.000758e-05
1	1	1.655585e+01	3.724022e-01	5.000520e-05
1	1	1.664354e+01	3.741035e-01	5.000567e-05
1	1	1.673229e+01	3.760185e-01	5.000758e-05
1	1	1.681975e+01	3.778801e-01	5.000734e-05
1	1	1.690795e+01	3.798294e-01	5.000675e-05
1	1	1.699612e+01	3.816528e-01	5.000746e-05
1	1	1.708428e+01	3.834991e-01	5.000830e-05
1	1	1.717210e+01	3.853073e-01	5.000758e-05
1	1	1.726011e+01	3.871765e-01	5.000651e-05
1	1	1.734755e+01	3.890839e-01	5.000794e-05
1	1	1.743547e+01	3.908844e-01	5.000603e-05
1	1	1.752370e+01	3.927193e-01	5.000496e-05
1	1	1.761198e+01	3.945847e-01	5.000639e-05
1	1	1.769989e+01	3.963890e-01	5.000806e-05
1	1	1.778810e+01	3.984718e-01	5.001032e-05
1	1	1.787582e+01	4.001045e-01	5.000842e-05
1	1	1.796371e+01	4.020233e-01	5.000806e-05
1	1	1.805230e+01	4.039459e-01	5.000961e-05
1	1	1.814014e+01	4.056778e-01	5.000412e-05
1	1	1.822798e+01	4.075699e-01	5.000436e-05
1	1	1.831581e+01	4.095230e-01	5.000746e-05
1	1	1.840379e+01	4.113159e-01	5.000496e-05
1	1	1.849195e+01	4.131813e-01	5.000722e-05
1	1	1.857957e+01	4.149208e-01	5.000925e-05
1	1	1.866841e+01	4.168472e-01	5.000687e-05
1	1	1.875598e+01	4.187279e-01	5.001092e-05
1	1	1.884422e+01	4.204865e-01	5.000806e-05
1	1	1.893152e+01	4.224854e-01	5.000734e-05
1	1	1.902032e+01	4.242363e-01	5.000770e-05
1	1	1.910836e+01	4.260101e-01	5.000663e-05
1	1	1.919605e+01	4.279251e-01	5.000603e-05
1	1	1.928352e+01	4.297295e-01	5.000424e-05
1	1	1.937147e+01	4.315948e-01	5.000770e-05
1	1	1.946019e+01	4.333420e-01	5.000877e-05
1	1	1.954827e+01	4.353561e-01	5.001199e-05
1	1	1.963552e+01	4.372025e-01	5.000710e-05
1	1	1.972439e+01	4.389687e-01	5.000603e-05
1	1	1.981153e+01	4.407921e-01	5.000615e-05
1	1	1.989988e+01	4.426079e-01	5.000865e-05
1	1	1.998770e+01	4.445457e-01	5.000532e-05
1	1	2.007550e+01	4.464340e-01	5.000687e-05
1	1	2.016345e+01	4.482384e-01	5.000794e-05
1	1	2.025194e+01	4.501610e-01	5.000722e-05
1	1	2.033998e+01	4.518776e-01	5.000532e-05
1	1	2.042759e+01	4.538193e-01	5.000472e-05
1	1	2.051636e+01	4.556160e-01	5.000949e-05
1	1	2.060366e+01	4.574699e-01	5.000663e-05
1	1	2.069218e+01	4.593468e-01	5.000877e-05
1	1	2.078016e+01	4.611511e-01	5.000889e-05
1	1	2.086772e+01	4.630814e-01	5.000687e-05
1	1	2.095575e+01	4.649048e-01	5.000579e-05
1	1	2.104382e+01	4.666824e-01	5.000865e-05
1	1	2.113144e+01	4.685974e-01	5.000782e-05
1	1	2.121985e+01	4.703407e-01	5.000746e-05
1	1	2.130761e+01	4.722252e-01	5.000997e-05
1	1	2.139619e+01	4.740715e-01	5.000710e-05
1	1	2.148434e+01	4.759979e-01	5.000651e-05
1	1	2.157150e+01	4.777679e-01	5.000842e-05
1	1	2.165978e+01	4.796219e-01	5.000651e-05
1	1	2.174830e+01	4.814911e-01	5.000806e-05
1	1	2.183563e+01	4.832802e-01	5.000758e-05
1	1	2.192347e+01	4.852333e-01	5.000615e-05
1	1	2.201165e+01	4.870605e-01	5.000722e-05
1	1	2.209959e+01	4.888000e-01	5.000830e-05
1	1	2.218814e+01	4.906235e-01	5.000865e-05
1	1	2.227558e+01	4.925232e-01	5.000901e-05
1	1	2.236347e+01	4.943161e-01	5.000794e-05
1	1	2.245222e+01	4.962540e-01	5.000794e-05
1	1	2.253947e+01	4.980087e-01	5.000913e-05
1	1	2.262801e+01	4.998665e-01	5.000508e-05
1	1	2.271613e+01	5.018768e-01	5.000663e-05
1	2	2.280350e+01	4.933052e-01	-3.563869e-05
1	2	2.289137e+01	4.895210e-01	-4.996872e-05
1	2	2.297942e+01	4.873581e-01	-4.997158e-05
1	2	2.306746e+01	4.853249e-01	-4.997206e-05
1	2	2.315549e+01	4.831696e-01	-4.997134e-05
1	2	2.324407e+01	4.810486e-01	-4.997051e-05
1	2	2.333176e+01	4.789696e-01	-4.997265e-05
1	2	2.341997e+01	4.769287e-01	-4.997313e-05
1	2	2.350783e+01	4.749756e-01	-4.997301e-05
1	2	2.359620e+01	4.728813e-01	-4.996824e-05
1	2	2.368429e+01	4.708290e-01	-4.997075e-05
1	2	2.377192e+01	4.688606e-01	-4.997289e-05
1	2	2.385937e+01	4.668694e-01	-4.997015e-05
1	2	2.394832e+01	4.647484e-01	-4.997277e-05
1	2	2.403581e+01	4.626884e-01	-4.997063e-05
1	2	2.412368e+01	4.607620e-01	-4.997110e-05
1	2	2.421155e+01	4.588242e-01	-4.996967e-05
1	2	2.429958e+01	4.568253e-01	-4.996991e-05
1	2	2.438784e+01	4.547119e-01	-4.996896e-05
1	2	2.447547e+01	4.527512e-01	-4.997051e-05
1	2	2.456376e+01	4.507866e-01	-4.997218e-05
1	2	2.465179e+01	4.488525e-01	-4.997027e-05
1	2	2.473989e+01	4.468536e-01	-4.997349e-05
1	2	2.482769e+01	4.448128e-01	-4.996979e-05
1	2	2.491573e+01	4.428558e-01	-4.997313e-05
1	2	2.500368e+01	4.408836e-01	-4.997540e-05
1	2	2.509157e+01	4.388542e-01	-4.996943e-05
1	2	2.518013e+01	4.369354e-01	-4.997063e-05
1	2	2.526797e+01	4.350357e-01	-4.997051e-05
1	2	2.535599e+01	4.329910e-01	-4.997361e-05
1	2	2.544393e+01	4.310379e-01	-4.997194e-05
1	2	2.553193e+01	4.290466e-01	-4.997134e-05
1	2	2.562035e+01	4.270668e-01	-4.997087e-05
1	2	2.570782e+01	4.251900e-01	-4.997087e-05
1	2	2.579591e+01	4.231415e-01	-4.997385e-05
1	2	2.588421e+01	4.211922e-01	-4.997349e-05
1	2	2.597170e+01	4.192429e-01	-4.997051e-05
1	2	2.605961e+01	4.173203e-01	-4.997313e-05
1	2	2.614756e+01	4.153137e-01	-4.997396e-05
1	2	2.623616e+01	4.132614e-01	-4.997241e-05
1	2	2.632369e+01	4.114532e-01	-4.997015e-05
1	2	2.641157e+01	4.094276e-01	-4.997063e-05
1	2	2.649984e+01	4.076080e-01	-4.997206e-05
1	2	2.658813e+01	4.055634e-01	-4.997075e-05
1	2	2.667614e+01	4.036446e-01	-4.996872e-05
1	2	2.676431e+01	4.017258e-01	-4.997504e-05
1	2	2.685190e+01	3.997307e-01	-4.997122e-05
1	2	2.693973e+01	3.977509e-01	-4.997253e-05
1	2	2.702791e+01	3.957977e-01	-4.997110e-05
1	2	2.711550e+01	3.939056e-01	-4.996979e-05
1	2	2.720421e+01	3.920097e-01	-4.997253e-05
1	2	2.729199e+01	3.899307e-01	-4.997361e-05
1	2	2.738012e+01	3.881493e-01	-4.997230e-05
1	2	2.746822e+01	3.861618e-01	-4.997182e-05
1	2	2.755607e+01	3.842812e-01	-4.996920e-05
1	2	2.764428e+01	3.822708e-01	-4.997158e-05
1	2	2.773218e+01	3.803215e-01	-4.997468e-05
1	2	2.782026e+01	3.784637e-01	-4.996955e-05
1	2	2.790843e+01	3.764763e-01	-4.997265e-05
1	2	2.799621e+01	3.745842e-01	-4.997396e-05
1	2	2.808431e+01	3.726349e-01	-4.997396e-05
1	2	2.817213e+01	3.706703e-01	-4.996896e-05
1	2	2.825952e+01	3.687439e-01	-4.997122e-05
1	2	2.834833e+01	3.668518e-01	-4.997015e-05
1	2	2.843554e+01	3.649178e-01	-4.997313e-05
1	2	2.852413e+01	3.630104e-01	-4.997265e-05
1	2	2.861193e+01	3.609772e-01	-4.997170e-05
1	2	2.870020e+01	3.590431e-01	-4.997170e-05
1	2	2.878802e+01	3.571930e-01	-4.997194e-05
1	2	2.887593e+01	3.552971e-01	-4.997241e-05
1	2	2.896369e+01	3.533974e-01	-4.997373e-05
1	2	2.905206e+01	3.514175e-01	-4.997337e-05
1	2	2.914010e+01	3.493843e-01	-4.996789e-05
1	2	2.922829e+01	3.475342e-01	-4.997385e-05
1	2	2.931569e+01	3.456345e-01	-4.997337e-05
1	2	2.940352e+01	3.437920e-01	-4.997337e-05
1	2	2.949205e+01	3.418427e-01	-4.997182e-05
1	2	2.957991e+01	3.399506e-01	-4.997230e-05
1	2	2.966777e+01	3.379326e-01	-4.997027e-05
1	2	2.975612e+01	3.360596e-01	-4.997122e-05
1	2	2.984381e+01	3.340759e-01	-4.997253e-05
1	2	2.993228e+01	3.322563e-01	-4.997015e-05
1	2	3.002038e+01	3.302231e-01	-4.997265e-05
1	2	3.010843e+01	3.282738e-01	-4.997158e-05
1	2	3.019636e+01	3.263893e-01	-4.997194e-05
1	2	3.028355e+01	3.245125e-01	-4.996979e-05
1	2	3.037223e+01	3.226852e-01	-4.997206e-05
1	2	3.045965e+01	3.206444e-01	-4.997325e-05
1	2	3.054828e+01	3.187332e-01	-4.997265e-05
1	2	3.063587e+01	3.169403e-01	-4.997492e-05
1	2	3.072443e+01	3.149986e-01	-4.997313e-05
1	2	3.081163e+01	3.130226e-01	-4.997349e-05
1	2	3.089969e+01	3.111458e-01	-4.996908e-05
1	2	3.098772e+01	3.093681e-01	-4.996932e-05
1	2	3.107622e+01	3.073311e-01	-4.997098e-05
1	2	3.116353e+01	3.054123e-01	-4.997444e-05
1	2	3.125171e+01	3.033867e-01	-4.996836e-05
1	2	3.134038e+01	3.015594e-01	-4.997230e-05
1	2	3.142769e+01	2.996368e-01	-4.997432e-05
1	2	3.151616e+01	2.977791e-01	-4.997241e-05
1	2	3.160430e+01	2.958298e-01	-4.997277e-05
1	2	3.169216e+01	2.939758e-01	-4.997218e-05
1	2	3.177975e+01	2.920647e-01	-4.997230e-05
1	2	3.186771e+01	2.900925e-01	-4.997194e-05
1	2	3.195616e+01	2.881584e-01	-4.997051e-05
1	2	3.204370e+01	2.863197e-01	-4.997075e-05
1	2	3.213194e+01	2.843742e-01	-4.997241e-05
1	2	3.222029e+01	2.824554e-01	-4.997158e-05
1	2	3.230775e+01	2.807693e-01	-4.997110e-05
1	2	3.239568e+01	2.787170e-01	-4.997039e-05
1	2	3.248438e+01	2.767677e-01	-4.997301e-05
1	2	3.257196e+01	2.749062e-01	-4.997063e-05
1	2	3.265947e+01	2.729225e-01	-4.997098e-05
1	2	3.274771e+01	2.710609e-01	-4.997277e-05
1	2	3.283569e+01	2.690697e-01	-4.997492e-05
1	2	3.292426e+01	2.673035e-01	-4.997301e-05
1	2	3.301198e+01	2.654266e-01	-4.997098e-05
1	2	3.309992e+01	2.634621e-01	-4.997337e-05
1	2	3.318822e+01	2.615585e-01	-4.997230e-05
1	2	3.327569e+01	2.595863e-01	-4.996908e-05
1	2	3.336384e+01	2.577667e-01	-4.997087e-05
1	2	3.345153e+01	2.558632e-01	-4.997122e-05
1	2	3.353969e+01	2.539711e-01	-4.997051e-05
1	2	3.362822e+01	2.521095e-01	-4.997396e-05
1	2	3.371597e+01	2.501221e-01	-4.997098e-05
1	2	3.380436e+01	2.482758e-01	-4.997134e-05
1	2	3.389202e+01	2.464752e-01	-4.997289e-05
1	2	3.397999e+01	2.445145e-01	-4.997385e-05
1	2	3.406786e+01	2.426033e-01	-4.996991e-05
1	2	3.415614e+01	2.406616e-01	-4.997182e-05
1	2	3.424402e+01	2.387772e-01	-4.996860e-05
1	2	3.433192e+01	2.368546e-01	-4.997110e-05
1	2	3.441988e+01	2.350311e-01	-4.997146e-05
1	2	3.450783e+01	2.330246e-01	-4.997075e-05
1	2	3.459629e+01	2.313004e-01	-4.997134e-05
1	2	3.468368e+01	2.294044e-01	-4.997432e-05
1	2	3.477221e+01	2.273788e-01	-4.997063e-05
1	2	3.485956e+01	2.255058e-01	-4.997241e-05
1	2	3.494749e+01	2.236023e-01	-4.997182e-05
1	2	3.503628e+01	2.217865e-01	-4.997385e-05
1	2	3.512425e+01	2.198219e-01	-4.997241e-05
1	2	3.521230e+01	2.179985e-01	-4.997015e-05
1	2	3.529957e+01	2.160301e-01	-4.996932e-05
1	2	3.538795e+01	2.141685e-01	-4.997265e-05
1	2	3.547598e+01	2.122345e-01	-4.996943e-05
1	2	3.556357e+01	2.103996e-01	-4.997182e-05
1	2	3.565145e+01	2.084846e-01	-4.997277e-05
1	2	3.573952e+01	2.066536e-01	-4.997122e-05
1	2	3.582838e+01	2.048607e-01	-4.997146e-05
1	2	3.591592e+01	2.028503e-01	-4.997265e-05
1	2	3.600430e+01	2.009735e-01	-4.997110e-05
1	2	3.609218e+01	1.990547e-01	-4.997110e-05
1	2	3.618001e+01	1.971931e-01	-4.997110e-05
1	2	3.626828e+01	1.952209e-01	-4.996872e-05
1	2	3.635603e+01	1.933327e-01	-4.996991e-05
1	2	3.644371e+01	1.914673e-01	-4.997122e-05
1	2	3.653152e+01	1.896286e-01	-4.996943e-05
1	2	3.662041e+01	1.877785e-01	-4.997194e-05
1	2	3.670831e+01	1.858673e-01	-4.997087e-05
1	2	3.679620e+01	1.839218e-01	-4.997444e-05
1	2	3.688414e+01	1.820374e-01	-4.997241e-05
1	2	3.697175e+01	1.800613e-01	-4.997110e-05
1	2	3.706043e+01	1.782951e-01	-4.996991e-05
1	2	3.714801e+01	1.764069e-01	-4.997337e-05
1	2	3.723555e+01	1.744537e-01	-4.997349e-05
1	2	3.732392e+01	1.725464e-01	-4.996836e-05
1	2	3.741166e+01	1.707420e-01	-4.996943e-05
1	2	3.749994e+01	1.688919e-01	-4.997158e-05
1	2	3.758845e+01	1.669617e-01	-4.997003e-05
1	2	3.767611e+01	1.652260e-01	-4.997277e-05
1	2	3.776344e+01	1.632538e-01	-4.997432e-05
1	2	3.785220e+01	1.612816e-01	-4.997194e-05
1	2	3.793998e+01	1.594276e-01	-4.997325e-05
1	2	3.802822e+01	1.575394e-01	-4.997122e-05
1	2	3.811642e+01	1.556702e-01	-4.997182e-05
1	2	3.820387e+01	1.538048e-01	-4.997206e-05
1	2	3.829158e+01	1.518631e-01	-4.996991e-05
1	2	3.837977e+01	1.500626e-01	-4.997098e-05
1	2	3.846800e+01	1.481743e-01	-4.997182e-05
1	2	3.855632e+01	1.462517e-01	-4.997373e-05
1	2	3.864382e+01	1.444321e-01	-4.997230e-05
1	2	3.873184e+01	1.424599e-01	-4.997230e-05
1	2	3.881970e+01	1.405869e-01	-4.996991e-05
1	2	3.890793e+01	1.387825e-01	-4.996967e-05
1	2	3.899630e+01	1.368027e-01	-4.997301e-05
1	2	3.908396e+01	1.349792e-01	-4.996979e-05
1	2	3.917149e+01	1.332207e-01	-4.997075e-05
1	2	3.926002e+01	1.313019e-01	-4.997230e-05
1	2	3.934768e+01	1.293564e-01	-4.997277e-05
1	2	3.943559e+01	1.275139e-01	-4.997122e-05
1	2	3.952394e+01	1.255684e-01	-4.997027e-05
1	2	3.961211e+01	1.236687e-01	-4.997194e-05
1	2	3.969991e+01	1.218758e-01	-4.997218e-05
1	2	3.978801e+01	1.199570e-01	-4.997039e-05
1	2	3.987560e+01	1.180420e-01	-4.997146e-05
1	2	3.996433e+01	1.162720e-01	-4.997325e-05
1	2	4.005232e+01	1.144447e-01	-4.997444e-05
1	2	4.014040e+01	1.123505e-01	-4.997289e-05
1	2	4.022843e+01	1.106071e-01	-4.997420e-05
1	2	4.031606e+01	1.087151e-01	-4.997015e-05
1	2	4.040414e+01	1.067963e-01	-4.997158e-05
1	2	4.049184e+01	1.048927e-01	-4.996943e-05
1	2	4.057960e+01	1.031151e-01	-4.997158e-05
1	2	4.066767e+01	1.013260e-01	-4.997015e-05
1	2	4.075568e+01	9.927368e-02	-4.996932e-05
1	2	4.084395e+01	9.747314e-02	-4.997075e-05
1	2	4.093221e+01	9.552383e-02	-4.997087e-05
1	2	4.102019e+01	9.370804e-02	-4.996955e-05
1	2	4.110758e+01	9.174728e-02	-4.997015e-05
1	2	4.119551e+01	8.993149e-02	-4.997146e-05
1	2	4.128413e+01	8.799362e-02	-4.997146e-05
1	2	4.137157e+01	8.615875e-02	-4.997063e-05
1	2	4.145972e+01	8.439255e-02	-4.997349e-05
1	2	4.154826e+01	8.245468e-02	-4.997361e-05
1	2	4.163597e+01	8.061981e-02	-4.997075e-05
1	2	4.172362e+01	7.865143e-02	-4.997623e-05
1	2	4.181209e+01	7.688522e-02	-4.997027e-05
1	2	4.189959e+01	7.501221e-02	-4.997277e-05
1	2	4.198832e+01	7.313919e-02	-4.997206e-05
1	2	4.207581e+01	7.128525e-02	-4.997301e-05
1	2	4.216391e+01	6.923676e-02	-4.997087e-05
1	2	4.225202e+01	6.754684e-02	-4.997051e-05
1	2	4.233976e+01	6.565094e-02	-4.997361e-05
1	2	4.242777e+01	6.365967e-02	-4.997134e-05
1	2	4.251628e+01	6.192017e-02	-4.996979e-05
1	2	4.260345e+01	6.007004e-02	-4.997456e-05
1	2	4.269216e+01	5.818939e-02	-4.997444e-05
1	2	4.277963e+01	5.634308e-02	-4.997122e-05
1	2	4.286809e+01	5.432510e-02	-4.997289e-05
1	2	4.295639e+01	5.249786e-02	-4.997253e-05
1	2	4.304430e+01	5.072021e-02	-4.997206e-05
1	2	4.313166e+01	4.878235e-02	-4.997289e-05
1	2	4.322029e+01	4.689407e-02	-4.996943e-05
1	2	4.330812e+01	4.512024e-02	-4.997396e-05
1	2	4.339550e+01	4.313660e-02	-4.997087e-05
1	2	4.348405e+01	4.139328e-02	-4.997015e-05
1	2	4.357177e+01	3.949356e-02	-4.997325e-05
1	2	4.365968e+01	3.760529e-02	-4.997098e-05
1	2	4.374769e+01	3.578949e-02	-4.997110e-05
1	2	4.383568e+01	3.380966e-02	-4.997051e-05
1	2	4.392343e+01	3.199768e-02	-4.997051e-05
1	2	4.401156e+01	3.007507e-02	-4.997265e-05
1	2	4.409959e+01	2.825928e-02	-4.997134e-05
1	2	4.418786e+01	2.643967e-02	-4.997265e-05
1	2	4.427562e+01	2.463150e-02	-4.996991e-05
1	2	4.436412e+01	2.271652e-02	-4.996908e-05
1	2	4.445212e+01	2.077866e-02	-4.997063e-05
1	2	4.454030e+01	1.897049e-02	-4.997313e-05
1	2	4.462762e+01	1.699829e-02	-4.997373e-05
1	2	4.471634e+01	1.522064e-02	-4.997051e-05
1	2	4.480430e+01	1.334381e-02	-4.997218e-05
1	2	4.489176e+01	1.147842e-02	-4.997170e-05
1	2	4.497955e+01	9.670258e-03	-4.997015e-05
1	2	4.506765e+01	7.759094e-03	-4.997146e-05
1	2	4.515551e+01	5.775452e-03	-4.997194e-05
1	2	4.524390e+01	3.990173e-03	-4.997087e-05
1	2	4.533181e+01	2.151489e-03	-4.997087e-05
1	2	4.541996e+01	3.738403e-04	-4.997051e-05
1	2	4.550795e+01	-1.491547e-03	-4.997194e-05
2	3	4.559583e+01	4.211426e-03	1.541066e-05
2	3	4.568357e+01	1.026154e-02	5.000448e-05
2	3	4.577196e+01	1.235962e-02	5.000722e-05
2	3	4.586000e+01	1.447678e-02	5.000782e-05
2	3	4.594809e+01	1.660156e-02	5.000436e-05
2	3	4.603613e+01	1.861191e-02	5.000627e-05
2	3	4.612408e+01	2.057266e-02	5.000985e-05
2	3	4.621200e+01	2.269363e-02	5.000734e-05
2	3	4.629983e+01	2.466583e-02	5.000734e-05
2	3	4.638813e+01	2.668381e-02	5.000782e-05
2	3	4.647571e+01	2.874756e-02	5.001080e-05
2	3	4.656408e+01	3.077316e-02	5.000794e-05
2	3	4.665151e+01	3.266144e-02	5.000496e-05
2	3	4.673962e+01	3.472519e-02	5.000889e-05
2	3	4.682754e+01	3.668594e-02	5.000985e-05
2	3	4.691572e+01	3.870010e-02	5.000699e-05
2	3	4.700399e+01	4.067612e-02	5.000496e-05
2	3	4.709141e+01	4.259872e-02	5.000758e-05
2	3	4.717937e+01	4.472351e-02	5.000508e-05
2	3	4.726814e+01	4.658890e-02	5.000699e-05
2	3	4.735594e+01	4.855347e-02	5.000830e-05
2	3	4.744382e+01	5.043030e-02	5.000627e-05
2	3	4.753246e+01	5.244446e-02	5.000579e-05
2	3	4.762031e+01	5.443954e-02	5.000532e-05
2	3	4.770778e+01	5.644226e-02	5.000639e-05
2	3	4.779638e+01	5.823135e-02	5.000639e-05
2	3	4.788403e+01	6.029892e-02	5.000663e-05
2	3	4.797143e+01	6.237030e-02	5.000687e-05
2	3	4.806021e+01	6.422424e-02	5.000818e-05
2	3	4.814783e+01	6.614304e-02	5.000889e-05
2	3	4.823643e+01	6.802750e-02	5.000567e-05
2	3	4.832435e+01	7.014465e-02	5.000806e-05
2	3	4.841148e+01	7.196808e-02	5.000675e-05
2	3	4.849961e+01	7.394409e-02	5.000639e-05
2	3	4.858801e+01	7.586670e-02	5.000675e-05
2	3	4.867602e+01	7.785416e-02	5.000615e-05
2	3	4.876368e+01	7.971954e-02	5.000758e-05
2	3	4.885222e+01	8.172226e-02	5.000961e-05
2	3	4.894038e+01	8.359528e-02	5.000603e-05
2	3	4.902767e+01	8.545685e-02	5.000508e-05
2	3	4.911615e+01	8.745956e-02	5.000758e-05
2	3	4.920415e+01	8.939743e-02	5.000818e-05
2	3	4.929202e+01	9.140396e-02	5.000830e-05
2	3	4.938001e+01	9.325409e-02	5.000508e-05
2	3	4.946767e+01	9.521103e-02	5.000532e-05
2	3	4.955567e+01	9.716415e-02	5.000591e-05
2	3	4.964430e+01	9.894943e-02	5.000997e-05
2	3	4.973163e+01	1.009178e-01	5.000675e-05
2	3	4.981974e+01	1.029205e-01	5.000520e-05
2	3	4.990840e+01	1.048012e-01	5.000675e-05
2	3	4.999620e+01	1.067238e-01	5.000496e-05
2	3	5.008354e+01	1.087112e-01	5.000889e-05
2	3	5.017168e+01	1.105843e-01	5.000758e-05
2	3	5.025968e+01	1.125412e-01	5.000937e-05
2	3	5.034817e+01	1.143761e-01	5.000627e-05
2	3	5.043567e+01	1.162453e-01	5.000615e-05
2	3	5.052350e+01	1.182747e-01	5.000758e-05
2	3	5.061200e+01	1.201515e-01	5.000818e-05
2	3	5.070015e+01	1.221085e-01	5.000865e-05
2	3	5.078837e+01	1.238632e-01	5.000782e-05
2	3	5.087587e+01	1.258659e-01	5.000663e-05
2	3	5.096346e+01	1.277809e-01	5.000627e-05
2	3	5.105196e+01	1.297264e-01	5.000746e-05
2	3	5.113946e+01	1.316833e-01	5.000818e-05
2	3	5.122776e+01	1.333733e-01	5.000722e-05
2	3	5.131544e+01	1.354027e-01	5.000579e-05
2	3	5.140348e+01	1.374054e-01	5.000818e-05
2	3	5.149172e+01	1.392937e-01	5.000854e-05
2	3	5.158002e+01	1.412544e-01	5.000627e-05
2	3	5.166838e+01	1.431465e-01	5.000830e-05
2	3	5.175605e+01	1.450691e-01	5.000615e-05
2	3	5.184348e+01	1.469116e-01	5.000579e-05
2	3	5.193157e+01	1.487999e-01	5.000901e-05
2	3	5.202030e+01	1.506157e-01	5.000639e-05
2	3	5.210836e+01	1.525803e-01	5.000818e-05
2	3	5.219613e+01	1.544876e-01	5.000758e-05
2	3	5.228413e+01	1.563148e-01	5.000448e-05
2	3	5.237198e+01	1.583328e-01	5.000603e-05
2	3	5.246004e+01	1.601410e-01	5.001104e-05
2	3	5.254787e+01	1.620827e-01	5.000758e-05
2	3	5.263644e+01	1.639595e-01	5.000734e-05
2	3	5.272429e+01	1.658936e-01	5.000818e-05
2	3	5.281198e+01	1.677017e-01	5.000639e-05
2	3	5.289952e+01	1.696587e-01	5.000579e-05
2	3	5.298829e+01	1.715279e-01	5.000961e-05
2	3	5.307613e+01	1.734581e-01	5.000365e-05
2	3	5.316404e+01	1.753960e-01	5.000687e-05
2	3	5.325161e+01	1.772308e-01	5.000591e-05
2	3	5.333974e+01	1.791267e-01	5.000579e-05
2	3	5.342758e+01	1.809883e-01	5.000591e-05
2	3	5.351555e+01	1.829109e-01	5.000651e-05
2	3	5.360413e+01	1.847687e-01	5.000746e-05
2	3	5.369179e+01	1.866951e-01	5.000365e-05
2	3	5.377980e+01	1.885796e-01	5.000758e-05
2	3	5.386794e+01	1.904106e-01	5.000687e-05
2	3	5.395536e+01	1.923866e-01	5.000782e-05
2	3	5.404398e+01	1.942024e-01	5.000579e-05
2	3	5.413151e+01	1.960945e-01	5.000710e-05
2	3	5.422040e+01	1.980400e-01	5.000663e-05
2	3	5.430755e+01	1.998787e-01	5.000687e-05
2	3	5.439555e+01	2.017441e-01	5.000627e-05
2	3	5.448360e+01	2.037048e-01	5.000830e-05
2	3	5.457204e+01	2.055511e-01	5.000699e-05
2	3	5.465996e+01	2.073784e-01	5.000937e-05
2	3	5.474809e+01	2.093353e-01	5.000710e-05
2	3	5.483595e+01	2.112999e-01	5.000651e-05
2	3	5.492433e+01	2.130890e-01	5.000651e-05
2	3	5.501218e+01	2.150917e-01	5.000877e-05
2	3	5.509982e+01	2.168694e-01	5.000567e-05
2	3	5.518764e+01	2.188263e-01	5.000973e-05
2	3	5.527599e+01	2.208099e-01	5.000842e-05
2	3	5.536353e+01	2.225761e-01	5.000770e-05
2	3	5.545161e+01	2.244987e-01	5.000544e-05
2	3	5.554028e+01	2.262764e-01	5.000615e-05
2	3	5.562784e+01	2.282143e-01	5.000603e-05
2	3	5.571631e+01	2.301483e-01	5.000806e-05
2	3	5.580403e+01	2.319832e-01	5.000663e-05
2	3	5.589192e+01	2.339554e-01	5.000639e-05
2	3	5.597985e+01	2.357178e-01	5.000567e-05
2	3	5.606764e+01	2.376404e-01	5.000794e-05
2	3	5.615638e+01	2.394676e-01	5.000746e-05
2	3	5.624421e+01	2.413368e-01	5.000603e-05
2	3	5.633237e+01	2.432785e-01	5.000842e-05
2	3	5.642016e+01	2.451935e-01	5.000579e-05
2	3	5.650819e+01	2.471352e-01	5.000651e-05
2	3	5.659577e+01	2.489243e-01	5.001140e-05
2	3	5.668394e+01	2.507896e-01	5.000877e-05
2	3	5.677172e+01	2.526360e-01	5.000579e-05
2	3	5.685990e+01	2.544670e-01	5.000448e-05
2	3	5.694814e+01	2.563324e-01	5.000377e-05
2	3	5.703618e+01	2.583427e-01	5.000627e-05
2	3	5.712356e+01	2.600899e-01	5.000746e-05
2	3	5.721244e+01	2.620087e-01	5.000687e-05
2	3	5.730017e+01	2.639503e-01	5.000687e-05
2	3	5.738818e+01	2.658691e-01	5.000758e-05
2	3	5.747606e+01	2.676315e-01	5.000734e-05
2	3	5.756351e+01	2.695427e-01	5.000794e-05
2	3	5.765220e+01	2.713318e-01	5.000520e-05
2	3	5.773991e+01	2.733154e-01	5.000544e-05
2	3	5.782836e+01	2.751274e-01	5.001092e-05
2	3	5.791617e+01	2.770119e-01	5.000532e-05
2	3	5.800377e+01	2.789001e-01	5.000484e-05
2	3	5.809240e+01	2.808266e-01	5.000651e-05
2	3	5.817999e+01	2.826004e-01	5.000782e-05
2	3	5.826760e+01	2.845192e-01	5.000806e-05
2	3	5.835604e+01	2.864304e-01	5.000639e-05
2	3	5.844353e+01	2.882347e-01	5.000901e-05
2	3	5.853176e+01	2.901802e-01	5.000758e-05
2	3	5.861954e+01	2.920647e-01	5.000699e-05
2	3	5.870786e+01	2.939072e-01	5.000818e-05
2	3	5.879547e+01	2.956886e-01	5.000830e-05
2	3	5.888422e+01	2.975807e-01	5.000722e-05
2	3	5.897212e+01	2.995415e-01	5.000520e-05
2	3	5.906002e+01	3.013535e-01	5.000925e-05
2	3	5.914767e+01	3.032188e-01	5.000758e-05
2	3	5.923618e+01	3.050995e-01	5.000865e-05
2	3	5.932391e+01	3.069000e-01	5.000675e-05
2	3	5.941231e+01	3.087463e-01	5.000579e-05
2	3	5.949965e+01	3.107033e-01	5.000544e-05
2	3	5.958787e+01	3.124886e-01	5.000710e-05
2	3	5.967547e+01	3.144684e-01	5.000544e-05
2	3	5.976387e+01	3.163185e-01	5.000770e-05
2	3	5.985178e+01	3.181915e-01	5.000591e-05
2	3	5.994000e+01	3.199654e-01	5.000842e-05
2	3	6.002799e+01	3.218536e-01	5.000675e-05
2	3	6.011553e+01	3.237495e-01	5.000651e-05
2	3	6.020434e+01	3.255577e-01	5.000865e-05
2	3	6.029156e+01	3.274460e-01	5.000710e-05
2	3	6.038008e+01	3.293648e-01	5.000734e-05
2	3	6.046769e+01	3.312492e-01	5.000699e-05
2	3	6.055547e+01	3.330269e-01	5.000627e-05
2	3	6.064359e+01	3.349190e-01	5.000770e-05
2	3	6.073242e+01	3.367386e-01	5.000567e-05
2	3	6.081984e+01	3.386307e-01	5.000842e-05
2	3	6.090775e+01	3.404579e-01	5.000579e-05
2	3	6.099594e+01	3.423805e-01	5.000579e-05
2	3	6.108403e+01	3.442917e-01	5.000746e-05
2	3	6.117165e+01	3.460083e-01	5.000722e-05
2	3	6.126033e+01	3.479042e-01	5.000615e-05
2	3	6.134760e+01	3.498001e-01	5.000770e-05
2	3	6.143545e+01	3.517113e-01	5.000973e-05
2	3	6.152410e+01	3.535461e-01	5.000567e-05
2	3	6.161157e+01	3.554039e-01	5.000937e-05
2	3	6.170017e+01	3.572426e-01	5.000591e-05
2	3	6.178810e+01	3.591118e-01	5.000556e-05
2	3	6.187578e+01	3.609543e-01	5.000651e-05
2	3	6.196404e+01	3.627968e-01	5.000508e-05
2	3	6.205188e+01	3.646927e-01	5.000699e-05
2	3	6.213961e+01	3.665733e-01	5.000627e-05
2	3	6.222788e+01	3.684120e-01	5.000627e-05
2	3	6.231600e+01	3.703423e-01	5.000699e-05
2	3	6.240427e+01	3.721352e-01	5.000961e-05
2	3	6.249185e+01	3.740044e-01	5.000758e-05
2	3	6.258019e+01	3.758240e-01	5.000687e-05
2	3	6.266799e+01	3.777733e-01	5.000603e-05
2	3	6.275639e+01	3.795128e-01	5.000472e-05
2	3	6.284408e+01	3.814011e-01	5.000639e-05
2	3	6.293230e+01	3.832130e-01	5.000603e-05
2	3	6.301969e+01	3.851929e-01	5.000782e-05
2	3	6.310838e+01	3.870659e-01	5.000806e-05
2	3	6.319555e+01	3.888397e-01	5.000699e-05
2	3	6.328440e+01	3.907013e-01	5.000770e-05
2	3	6.337168e+01	3.925629e-01	5.000329e-05
2	3	6.345992e+01	3.943405e-01	5.000651e-05
2	3	6.354798e+01	3.962860e-01	5.000722e-05
2	3	6.363632e+01	3.981590e-01	5.000746e-05
2	3	6.372370e+01	3.999901e-01	5.000699e-05
2	3	6.381230e+01	4.017906e-01	5.000651e-05
2	3	6.390015e+01	4.037628e-01	5.000758e-05
2	3	6.398828e+01	4.055595e-01	5.000544e-05
2	3	6.407598e+01	4.073715e-01	5.000710e-05
2	3	6.416422e+01	4.092522e-01	5.000770e-05
2	3	6.425242e+01	4.110756e-01	5.000758e-05
2	3	6.433987e+01	4.129601e-01	5.000389e-05
2	3	6.442777e+01	4.148216e-01	5.000627e-05
2	3	6.451594e+01	4.166298e-01	5.000496e-05
2	3	6.460396e+01	4.185715e-01	5.000639e-05
2	3	6.469227e+01	4.203758e-01	5.001068e-05
2	3	6.477945e+01	4.222679e-01	5.000782e-05
2	3	6.486828e+01	4.241600e-01	5.000639e-05
2	3	6.495618e+01	4.259415e-01	5.000782e-05
2	3	6.504394e+01	4.277534e-01	5.000710e-05
2	3	6.513185e+01	4.296074e-01	5.000663e-05
2	3	6.521984e+01	4.314499e-01	5.000722e-05
2	3	6.530784e+01	4.333344e-01	5.000973e-05
2	3	6.539551e+01	4.352379e-01	5.001032e-05
2	3	6.548413e+01	4.370232e-01	5.000806e-05
2	3	6.557235e+01	4.388275e-01	5.000544e-05
2	3	6.565971e+01	4.407272e-01	5.000854e-05
2	3	6.574808e+01	4.426117e-01	5.000782e-05
2	3	6.583586e+01	4.443779e-01	5.000710e-05
2	3	6.592438e+01	4.463310e-01	5.000794e-05
2	3	6.601146e+01	4.482307e-01	5.000520e-05
2	3	6.609964e+01	4.500008e-01	5.000782e-05
2	3	6.618793e+01	4.518204e-01	5.000579e-05
2	3	6.627614e+01	4.536400e-01	5.000651e-05
2	3	6.636378e+01	4.555550e-01	5.000782e-05
2	3	6.645176e+01	4.573555e-01	5.001032e-05
2	3	6.654002e+01	4.592972e-01	5.000818e-05
2	3	6.662763e+01	4.612045e-01	5.000663e-05
2	3	6.671562e+01	4.628601e-01	5.000710e-05
2	3	6.680440e+01	4.647942e-01	5.000675e-05
2	3	6.689203e+01	4.667244e-01	5.000675e-05
2	3	6.697956e+01	4.685287e-01	5.000591e-05
2	3	6.706833e+01	4.703064e-01	5.000699e-05
2	3	6.715643e+01	4.721184e-01	5.000734e-05
2	3	6.724345e+01	4.740601e-01	5.000746e-05
2	3	6.733216e+01	4.758415e-01	5.000794e-05
2	3	6.742033e+01	4.777069e-01	5.000627e-05
2	3	6.750770e+01	4.796028e-01	5.000508e-05
2	3	6.759576e+01	4.814110e-01	5.000961e-05
2	3	6.768400e+01	4.831886e-01	5.000830e-05
2	3	6.777181e+01	4.851036e-01	5.000746e-05
2	3	6.785979e+01	4.868927e-01	5.000663e-05
2	3	6.794832e+01	4.887390e-01	5.000901e-05
2	3	6.803580e+01	4.906502e-01	5.000901e-05
2	3	6.812440e+01	4.923668e-01	5.000675e-05
2	3	6.821149e+01	4.942589e-01	5.000985e-05
2	3	6.830032e+01	4.961700e-01	5.000556e-05
2	3	6.838765e+01	4.979935e-01	5.000770e-05
2	3	6.847548e+01	4.999237e-01	5.000603e-05
2	3	6.856350e+01	5.016518e-01	5.000925e-05
2	4	6.865162e+01	4.931107e-01	-3.692019e-05
2	4	6.873962e+01	4.894257e-01	-4.997158e-05
2	4	6.882747e+01	4.872780e-01	-4.996955e-05
2	4	6.891600e+01	4.852104e-01	-4.996943e-05
2	4	6.900427e+01	4.830971e-01	-4.997087e-05
2	4	6.909187e+01	4.811096e-01	-4.997182e-05
2	4	6.918034e+01	4.788094e-01	-4.997122e-05
2	4	6.926782e+01	4.769363e-01	-4.997170e-05
2	4	6.935577e+01	4.748497e-01	-4.997158e-05
2	4	6.944426e+01	4.728546e-01	-4.997087e-05
2	4	6.953204e+01	4.706955e-01	-4.997182e-05
2	4	6.961950e+01	4.688110e-01	-4.997325e-05
2	4	6.970842e+01	4.667130e-01	-4.997098e-05
2	4	6.979634e+01	4.647446e-01	-4.997003e-05
2	4	6.988364e+01	4.627609e-01	-4.996943e-05
2	4	6.997176e+01	4.607925e-01	-4.997015e-05
2	4	7.006015e+01	4.587021e-01	-4.997098e-05
2	4	7.014832e+01	4.566879e-01	-4.997301e-05
2	4	7.023590e+01	4.547081e-01	-4.996884e-05
2	4	7.032365e+01	4.527588e-01	-4.997194e-05
2	4	7.041182e+01	4.508133e-01	-4.997027e-05
2	4	7.050017e+01	4.488068e-01	-4.997170e-05
2	4	7.058771e+01	4.467964e-01	-4.997277e-05
2	4	7.067593e+01	4.447212e-01	-4.997039e-05
2	4	7.076411e+01	4.428940e-01	-4.996896e-05
2	4	7.085147e+01	4.408379e-01	-4.997051e-05
2	4	7.093947e+01	4.388809e-01	-4.997122e-05
2	4	7.102756e+01	4.370232e-01	-4.996955e-05
2	4	7.111600e+01	4.349327e-01	-4.997241e-05
2	4	7.120351e+01	4.330025e-01	-4.997265e-05
2	4	7.129216e+01	4.311371e-01	-4.997087e-05
2	4	7.137974e+01	4.290009e-01	-4.997194e-05
2	4	7.146822e+01	4.270439e-01	-4.997158e-05
2	4	7.155625e+01	4.250107e-01	-4.997337e-05
2	4	7.164423e+01	4.231415e-01	-4.997241e-05
2	4	7.173211e+01	4.212494e-01	-4.997027e-05
2	4	7.181968e+01	4.192009e-01	-4.997218e-05
2	4	7.190792e+01	4.172745e-01	-4.997158e-05
2	4	7.199638e+01	4.153481e-01	-4.997206e-05
2	4	7.208438e+01	4.133492e-01	-4.997170e-05
2	4	7.217211e+01	4.114647e-01	-4.997134e-05
2	4	7.225947e+01	4.094315e-01	-4.997087e-05
2	4	7.234792e+01	4.075470e-01	-4.997122e-05
2	4	7.243602e+01	4.055862e-01	-4.997444e-05
2	4	7.252374e+01	4.036560e-01	-4.997051e-05
2	4	7.261229e+01	4.017639e-01	-4.997337e-05
2	4	7.269973e+01	3.997765e-01	-4.997373e-05
2	4	7.278811e+01	3.978119e-01	-4.997170e-05
2	4	7.287568e+01	3.957901e-01	-4.996979e-05
2	4	7.296381e+01	3.939743e-01	-4.997313e-05
2	4	7.305151e+01	3.919678e-01	-4.997408e-05
2	4	7.314025e+01	3.901558e-01	-4.997230e-05
2	4	7.322771e+01	3.881302e-01	-4.997027e-05
2	4	7.331579e+01	3.860435e-01	-4.997432e-05
2	4	7.340422e+01	3.842850e-01	-4.997265e-05
2	4	7.349197e+01	3.822708e-01	-4.997373e-05
2	4	7.357996e+01	3.803978e-01	-4.997158e-05
2	4	7.366764e+01	3.784256e-01	-4.997325e-05
2	4	7.375576e+01	3.764610e-01	-4.997063e-05
2	4	7.384380e+01	3.745880e-01	-4.997373e-05
2	4	7.393146e+01	3.726540e-01	-4.996860e-05
2	4	7.402037e+01	3.707047e-01	-4.997230e-05
2	4	7.410790e+01	3.688202e-01	-4.997313e-05
2	4	7.419605e+01	3.667450e-01	-4.996932e-05
2	4	7.428365e+01	3.649521e-01	-4.997182e-05
2	4	7.437226e+01	3.629990e-01	-4.997253e-05
2	4	7.446035e+01	3.610992e-01	-4.997194e-05
2	4	7.454774e+01	3.591118e-01	-4.997182e-05
2	4	7.463584e+01	3.572121e-01	-4.997444e-05
2	4	7.472372e+01	3.552856e-01	-4.997146e-05
2	4	7.481229e+01	3.533821e-01	-4.997325e-05
2	4	7.490034e+01	3.514023e-01	-4.997182e-05
2	4	7.498747e+01	3.494644e-01	-4.996920e-05
2	4	7.507611e+01	3.476143e-01	-4.997110e-05
2	4	7.516393e+01	3.456802e-01	-4.997301e-05
2	4	7.525144e+01	3.437309e-01	-4.997087e-05
2	4	7.533981e+01	3.418655e-01	-4.997182e-05
2	4	7.542747e+01	3.400116e-01	-4.996991e-05
2	4	7.551612e+01	3.380890e-01	-4.996884e-05
2	4	7.560357e+01	3.360329e-01	-4.997122e-05
2	4	7.569203e+01	3.340836e-01	-4.997313e-05
2	4	7.578008e+01	3.321800e-01	-4.997289e-05
2	4	7.586796e+01	3.303566e-01	-4.997075e-05
2	4	7.595595e+01	3.283882e-01	-4.997158e-05
2	4	7.604430e+01	3.265877e-01	-4.997194e-05
2	4	7.613182e+01	3.245544e-01	-4.997313e-05
2	4	7.622017e+01	3.226967e-01	-4.996908e-05
2	4	7.630743e+01	3.207588e-01	-4.997218e-05
2	4	7.639560e+01	3.189201e-01	-4.997015e-05
2	4	7.648387e+01	3.169212e-01	-4.997385e-05
2	4	7.657204e+01	3.149490e-01	-4.997075e-05
2	4	7.666012e+01	3.130836e-01	-4.996955e-05
2	4	7.674825e+01	3.111649e-01	-4.996943e-05
2	4	7.683631e+01	3.092232e-01	-4.997206e-05
2	4	7.692384e+01	3.074074e-01	-4.997563e-05
2	4	7.701146e+01	3.054810e-01	-4.997015e-05
2	4	7.709961e+01	3.035469e-01	-4.997015e-05
2	4	7.718784e+01	3.016853e-01	-4.997158e-05
2	4	7.727571e+01	2.996521e-01	-4.997385e-05
2	4	7.736421e+01	2.978745e-01	-4.997253e-05
2	4	7.745177e+01	2.959137e-01	-4.997337e-05
2	4	7.754031e+01	2.939987e-01	-4.996741e-05
2	4	7.762796e+01	2.920990e-01	-4.997194e-05
2	4	7.771619e+01	2.902756e-01	-4.997182e-05
2	4	7.780366e+01	2.882881e-01	-4.997301e-05
2	4	7.789178e+01	2.864914e-01	-4.996979e-05
2	4	7.797990e+01	2.844963e-01	-4.997039e-05
2	4	7.806785e+01	2.825203e-01	-4.996824e-05
2	4	7.815552e+01	2.806664e-01	-4.997385e-05
2	4	7.824414e+01	2.787247e-01	-4.997015e-05
2	4	7.833209e+01	2.768898e-01	-4.997253e-05
2	4	7.841981e+01	2.748489e-01	-4.997158e-05
2	4	7.850832e+01	2.730789e-01	-4.996991e-05
2	4	7.859600e+01	2.711754e-01	-4.997218e-05
2	4	7.868400e+01	2.692490e-01	-4.997313e-05
2	4	7.877210e+01	2.674561e-01	-4.996884e-05
2	4	7.885977e+01	2.654572e-01	-4.997063e-05
2	4	7.894833e+01	2.635689e-01	-4.997158e-05
2	4	7.903602e+01	2.617760e-01	-4.997075e-05
2	4	7.912379e+01	2.597656e-01	-4.997039e-05
2	4	7.921193e+01	2.578659e-01	-4.996991e-05
2	4	7.929972e+01	2.559891e-01	-4.997122e-05
2	4	7.938775e+01	2.540398e-01	-4.997063e-05
2	4	7.947623e+01	2.521935e-01	-4.997039e-05
2	4	7.956412e+01	2.503242e-01	-4.997277e-05
2	4	7.965199e+01	2.482986e-01	-4.997110e-05
2	4	7.973948e+01	2.464981e-01	-4.996991e-05
2	4	7.982829e+01	2.446022e-01	-4.997182e-05
2	4	7.991559e+01	2.427216e-01	-4.996896e-05
2	4	8.000428e+01	2.407341e-01	-4.997230e-05
2	4	8.009215e+01	2.389145e-01	-4.997289e-05
2	4	8.018025e+01	2.370605e-01	-4.997027e-05
2	4	8.026809e+01	2.351036e-01	-4.996836e-05
2	4	8.035574e+01	2.332573e-01	-4.996943e-05
2	4	8.044394e+01	2.313766e-01	-4.997003e-05
2	4	8.053223e+01	2.294922e-01	-4.997075e-05
2	4	8.062009e+01	2.275429e-01	-4.997349e-05
2	4	8.070753e+01	2.256165e-01	-4.997373e-05
2	4	8.079560e+01	2.237816e-01	-4.997158e-05
2	4	8.088367e+01	2.219276e-01	-4.997063e-05
2	4	8.097153e+01	2.199554e-01	-4.997158e-05
2	4	8.105998e+01	2.180595e-01	-4.997253e-05
2	4	8.114791e+01	2.162399e-01	-4.997087e-05
2	4	8.123634e+01	2.143326e-01	-4.997075e-05
2	4	8.132396e+01	2.124062e-01	-4.997087e-05
2	4	8.141227e+01	2.105293e-01	-4.997182e-05
2	4	8.150034e+01	2.085991e-01	-4.997051e-05
2	4	8.158827e+01	2.067375e-01	-4.996932e-05
2	4	8.167641e+01	2.049294e-01	-4.997182e-05
2	4	8.176379e+01	2.029572e-01	-4.996896e-05
2	4	8.185148e+01	2.010994e-01	-4.997241e-05
2	4	8.193968e+01	1.991425e-01	-4.997373e-05
2	4	8.202777e+01	1.973572e-01	-4.996979e-05
2	4	8.211546e+01	1.953888e-01	-4.997158e-05
2	4	8.220354e+01	1.935158e-01	-4.997230e-05
2	4	8.229170e+01	1.915627e-01	-4.997349e-05
2	4	8.237952e+01	1.898422e-01	-4.997003e-05
2	4	8.246740e+01	1.878510e-01	-4.997361e-05
2	4	8.255617e+01	1.859016e-01	-4.997098e-05
2	4	8.264361e+01	1.840744e-01	-4.997110e-05
2	4	8.273163e+01	1.822166e-01	-4.997027e-05
2	4	8.282028e+01	1.802940e-01	-4.997063e-05
2	4	8.290804e+01	1.783600e-01	-4.996979e-05
2	4	8.299629e+01	1.765327e-01	-4.997182e-05
2	4	8.308432e+01	1.745911e-01	-4.997289e-05
2	4	8.317229e+01	1.728249e-01	-4.997337e-05
2	4	8.325957e+01	1.709366e-01	-4.996896e-05
2	4	8.334787e+01	1.689873e-01	-4.996777e-05
2	4	8.343596e+01	1.671219e-01	-4.997194e-05
2	4	8.352445e+01	1.653061e-01	-4.997432e-05
2	4	8.361168e+01	1.634064e-01	-4.997337e-05
2	4	8.370023e+01	1.615181e-01	-4.997158e-05
2	4	8.378751e+01	1.596107e-01	-4.997277e-05
2	4	8.387583e+01	1.576729e-01	-4.997253e-05
2	4	8.396376e+01	1.557961e-01	-4.997087e-05
2	4	8.405140e+01	1.539726e-01	-4.997039e-05
2	4	8.414002e+01	1.520653e-01	-4.997301e-05
2	4	8.422744e+01	1.501770e-01	-4.997253e-05
2	4	8.431564e+01	1.483421e-01	-4.996872e-05
2	4	8.440387e+01	1.464996e-01	-4.997313e-05
2	4	8.449146e+01	1.446037e-01	-4.997015e-05
2	4	8.458039e+01	1.427269e-01	-4.997170e-05
2	4	8.466748e+01	1.408157e-01	-4.996741e-05
2	4	8.475609e+01	1.388969e-01	-4.996920e-05
2	4	8.484422e+01	1.369972e-01	-4.997170e-05
2	4	8.493170e+01	1.351891e-01	-4.997170e-05
2	4	8.502015e+01	1.333008e-01	-4.997158e-05
2	4	8.510765e+01	1.314392e-01	-4.996955e-05
2	4	8.519600e+01	1.295738e-01	-4.997182e-05
2	4	8.528429e+01	1.277008e-01	-4.997468e-05
2	4	8.537157e+01	1.257896e-01	-4.997301e-05
2	4	8.546016e+01	1.239090e-01	-4.996979e-05
2	4	8.554828e+01	1.220207e-01	-4.997230e-05
2	4	8.563563e+01	1.201057e-01	-4.996979e-05
2	4	8.572405e+01	1.181908e-01	-4.997373e-05
2	4	8.581151e+01	1.164246e-01	-4.997170e-05
2	4	8.589961e+01	1.144562e-01	-4.997206e-05
2	4	8.598840e+01	1.126823e-01	-4.997206e-05
2	4	8.607636e+01	1.106720e-01	-4.997444e-05
2	4	8.616358e+01	1.088867e-01	-4.996979e-05
2	4	8.625157e+01	1.069946e-01	-4.997277e-05
2	4	8.634011e+01	1.051712e-01	-4.996943e-05
2	4	8.642764e+01	1.034203e-01	-4.997015e-05
2	4	8.651587e+01	1.014328e-01	-4.997265e-05
2	4	8.660394e+01	9.946442e-02	-4.997110e-05
2	4	8.669170e+01	9.765244e-02	-4.997194e-05
2	4	8.678030e+01	9.578323e-02	-4.997361e-05
2	4	8.686801e+01	9.393692e-02	-4.997122e-05
2	4	8.695552e+01	9.204102e-02	-4.997349e-05
2	4	8.704370e+01	9.013748e-02	-4.996955e-05
2	4	8.713159e+01	8.836365e-02	-4.997063e-05
2	4	8.721954e+01	8.654022e-02	-4.997122e-05
2	4	8.730836e+01	8.464813e-02	-4.997158e-05
2	4	8.739544e+01	8.270264e-02	-4.997158e-05
2	4	8.748370e+01	8.087158e-02	-4.997134e-05
2	4	8.757230e+01	7.897949e-02	-4.997528e-05
2	4	8.766002e+01	7.706451e-02	-4.997468e-05
2	4	8.774749e+01	7.514572e-02	-4.997301e-05
2	4	8.783561e+01	7.344437e-02	-4.997468e-05
2	4	8.792418e+01	7.149887e-02	-4.997218e-05
2	4	8.801167e+01	6.955338e-02	-4.997194e-05
2	4	8.809952e+01	6.767654e-02	-4.997373e-05
2	4	8.818816e+01	6.593704e-02	-4.997408e-05
2	4	8.827610e+01	6.409073e-02	-4.997480e-05
2	4	8.836361e+01	6.207275e-02	-4.997325e-05
2	4	8.845185e+01	6.023788e-02	-4.997122e-05
2	4	8.853995e+01	5.849457e-02	-4.997015e-05
2	4	8.862844e+01	5.641937e-02	-4.996967e-05
2	4	8.871577e+01	5.462646e-02	-4.997206e-05
2	4	8.880417e+01	5.285263e-02	-4.997110e-05
2	4	8.889214e+01	5.102921e-02	-4.997027e-05
2	4	8.897971e+01	4.911804e-02	-4.996991e-05
2	4	8.906831e+01	4.708481e-02	-4.997182e-05
2	4	8.915542e+01	4.527664e-02	-4.997218e-05
2	4	8.924391e+01	4.336166e-02	-4.997253e-05
2	4	8.933176e+01	4.160690e-02	-4.997230e-05
2	4	8.941964e+01	3.968811e-02	-4.997337e-05
2	4	8.950816e+01	3.788376e-02	-4.997170e-05
2	4	8.959631e+01	3.598785e-02	-4.997182e-05
2	4	8.968336e+01	3.410339e-02	-4.997253e-05
2	4	8.977214e+01	3.227234e-02	-4.997087e-05
2	4	8.985965e+01	3.033066e-02	-4.997277e-05
2	4	8.994765e+01	2.846146e-02	-4.997241e-05
2	4	9.003633e+01	2.656937e-02	-4.997277e-05
2	4	9.012406e+01	2.474976e-02	-4.997087e-05
2	4	9.021232e+01	2.299118e-02	-4.996955e-05
2	4	9.029977e+01	2.108765e-02	-4.997051e-05
2	4	9.038768e+01	1.908493e-02	-4.997361e-05
2	4	9.047631e+01	1.727676e-02	-4.997420e-05
2	4	9.056401e+01	1.544952e-02	-4.997385e-05
2	4	9.065183e+01	1.352310e-02	-4.997182e-05
2	4	9.074011e+01	1.177979e-02	-4.997194e-05
2	4	9.082813e+01	9.872437e-03	-4.996824e-05
2	4	9.091626e+01	8.007050e-03	-4.997015e-05
2	4	9.100408e+01	6.034851e-03	-4.997349e-05
2	4	9.109158e+01	4.165649e-03	-4.997122e-05
2	4	9.117983e+01	2.483368e-03	-4.997230e-05
2	4	9.126809e+01	5.683899e-04	-4.997098e-05
2	4	9.135603e+01	-1.289368e-03	-4.997122e-05
3	5	9.144334e+01	5.516052e-03	2.375710e-05
3	5	9.153155e+01	1.053619e-02	5.000687e-05
3	5	9.161977e+01	1.267242e-02	5.000460e-05
3	5	9.170783e+01	1.489639e-02	5.001032e-05
3	5	9.179581e+01	1.692200e-02	5.001044e-05
3	5	9.188410e+01	1.896667e-02	5.000877e-05
3	5	9.197166e+01	2.104950e-02	5.000603e-05
3	5	9.206002e+01	2.313614e-02	5.000901e-05
3	5	9.214767e+01	2.504730e-02	5.000675e-05
3	5	9.223552e+01	2.709198e-02	5.000782e-05
3	5	9.232378e+01	2.906036e-02	5.000615e-05
3	5	9.241190e+01	3.110504e-02	5.000687e-05
3	5	9.249960e+01	3.305817e-02	5.000663e-05
3	5	9.258829e+01	3.507233e-02	5.000746e-05
3	5	9.267629e+01	3.706360e-02	5.001020e-05
3	5	9.276396e+01	3.906631e-02	5.000603e-05
3	5	9.285166e+01	4.109955e-02	5.000722e-05
3	5	9.293963e+01	4.304886e-02	5.000544e-05
3	5	9.302790e+01	4.505920e-02	5.000484e-05
3	5	9.311569e+01	4.697037e-02	5.000830e-05
3	5	9.320441e+01	4.886627e-02	5.000699e-05
3	5	9.329204e+01	5.089188e-02	5.000961e-05
3	5	9.338017e+01	5.283737e-02	5.000615e-05
3	5	9.346828e+01	5.487442e-02	5.000651e-05
3	5	9.355537e+01	5.682373e-02	5.000937e-05
3	5	9.364392e+01	5.866623e-02	5.000579e-05
3	5	9.373166e+01	6.074524e-02	5.000687e-05
3	5	9.381957e+01	6.256104e-02	5.000579e-05
3	5	9.390837e+01	6.459808e-02	5.000699e-05
3	5	9.399574e+01	6.647110e-02	5.000937e-05
3	5	9.408380e+01	6.841278e-02	5.000460e-05
3	5	9.417160e+01	7.044601e-02	5.000925e-05
3	5	9.425993e+01	7.237625e-02	5.000818e-05
3	5	9.434802e+01	7.442093e-02	5.000830e-05
3	5	9.443542e+01	7.627487e-02	5.000758e-05
3	5	9.452372e+01	7.823944e-02	5.000901e-05
3	5	9.461166e+01	8.012009e-02	5.000663e-05
3	5	9.470004e+01	8.214188e-02	5.000687e-05
3	5	9.478758e+01	8.403778e-02	5.000734e-05
3	5	9.487634e+01	8.602905e-02	5.000603e-05
3	5	9.496429e+01	8.788681e-02	5.000603e-05
3	5	9.505185e+01	8.973312e-02	5.000699e-05
3	5	9.513979e+01	9.162521e-02	5.000603e-05
3	5	9.522776e+01	9.363556e-02	5.000770e-05
3	5	9.531554e+01	9.566116e-02	5.000257e-05
3	5	9.540439e+01	9.744644e-02	5.000937e-05
3	5	9.549195e+01	9.958267e-02	5.000770e-05
3	5	9.557997e+01	1.013222e-01	5.000710e-05
3	5	9.566785e+01	1.032715e-01	5.000556e-05
3	5	9.575573e+01	1.052361e-01	5.000734e-05
3	5	9.584359e+01	1.071014e-01	5.000710e-05
3	5	9.593171e+01	1.089821e-01	5.000758e-05
3	5	9.602018e+01	1.110497e-01	5.000603e-05
3	5	9.610838e+01	1.129227e-01	5.000949e-05
3	5	9.619639e+01	1.147232e-01	5.000722e-05
3	5	9.628386e+01	1.167374e-01	5.000567e-05
3	5	9.637171e+01	1.185074e-01	5.000675e-05
3	5	9.645996e+01	1.205139e-01	5.000842e-05
3	5	9.654747e+01	1.225395e-01	5.000567e-05
3	5	9.663590e+01	1.244011e-01	5.000651e-05
3	5	9.672442e+01	1.263237e-01	5.000675e-05
3	5	9.681218e+01	1.282005e-01	5.000710e-05
3	5	9.689962e+01	1.301880e-01	5.000722e-05
3	5	9.698779e+01	1.320152e-01	5.000663e-05
3	5	9.707615e+01	1.339684e-01	5.000556e-05
3	5	9.716351e+01	1.358986e-01	5.000842e-05
3	5	9.725209e+01	1.377296e-01	5.000770e-05
3	5	9.733963e+01	1.395645e-01	5.000532e-05
3	5	9.742762e+01	1.414986e-01	5.000544e-05
3	5	9.751643e+01	1.435051e-01	5.000722e-05
3	5	9.760409e+01	1.453857e-01	5.000722e-05
3	5	9.769211e+01	1.472244e-01	5.000460e-05
3	5	9.777995e+01	1.491966e-01	5.000877e-05
3	5	9.786837e+01	1.510963e-01	5.000436e-05
3	5	9.795546e+01	1.529617e-01	5.000591e-05
3	5	9.804378e+01	1.548576e-01	5.000818e-05
3	5	9.813177e+01	1.567383e-01	5.000675e-05
3	5	9.822032e+01	1.586533e-01	5.000520e-05
3	5	9.830772e+01	1.606750e-01	5.000830e-05
3	5	9.839589e+01	1.625175e-01	5.000782e-05
3	5	9.848428e+01	1.643982e-01	5.000854e-05
3	5	9.857168e+01	1.662865e-01	5.000675e-05
3	5	9.866000e+01	1.681824e-01	5.000484e-05
3	5	9.874812e+01	1.700439e-01	5.000651e-05
3	5	9.883584e+01	1.720848e-01	5.000567e-05
3	5	9.892430e+01	1.738892e-01	5.000758e-05
3	5	9.901202e+01	1.757431e-01	5.000556e-05
3	5	9.909955e+01	1.777725e-01	5.000830e-05
3	5	9.918807e+01	1.795616e-01	5.001032e-05
3	5	9.927600e+01	1.815147e-01	5.000579e-05
3	5	9.936347e+01	1.833191e-01	5.000615e-05
3	5	9.945215e+01	1.852989e-01	5.000854e-05
3	5	9.953977e+01	1.871262e-01	5.000770e-05
3	5	9.962836e+01	1.890106e-01	5.000639e-05
3	5	9.971604e+01	1.909142e-01	5.001020e-05
3	5	9.980342e+01	1.927795e-01	5.000901e-05
3	5	9.989173e+01	1.946182e-01	5.000591e-05
3	5	9.997961e+01	1.966095e-01	5.000806e-05
3	5	1.000681e+02	1.984940e-01	5.000901e-05
3	5	1.001560e+02	2.003822e-01	5.000484e-05
3	5	1.002443e+02	2.022705e-01	5.000687e-05
3	5	1.003315e+02	2.041664e-01	5.000913e-05
3	5	1.004197e+02	2.060051e-01	5.000603e-05
3	5	1.005080e+02	2.078972e-01	5.000758e-05
3	5	1.005960e+02	2.097931e-01	5.000830e-05
3	5	1.006841e+02	2.117004e-01	5.000591e-05
3	5	1.007714e+02	2.136345e-01	5.000842e-05
3	5	1.008598e+02	2.154274e-01	5.000710e-05
3	5	1.009478e+02	2.172508e-01	5.000687e-05
3	5	1.010362e+02	2.193871e-01	5.000961e-05
3	5	1.011236e+02	2.210884e-01	5.000484e-05
3	5	1.012116e+02	2.229424e-01	5.000770e-05
3	5	1.013004e+02	2.249413e-01	5.000734e-05
3	5	1.013875e+02	2.267876e-01	5.000913e-05
3	5	1.014757e+02	2.287598e-01	5.000722e-05
3	5	1.015637e+02	2.305489e-01	5.000758e-05
3	5	1.016523e+02	2.323647e-01	5.000663e-05
3	5	1.017400e+02	2.343102e-01	5.000925e-05
3	5	1.018279e+02	2.362137e-01	5.000544e-05
3	5	1.019156e+02	2.380829e-01	5.000579e-05
3	5	1.020036e+02	2.398758e-01	5.000424e-05
3	5	1.020920e+02	2.418213e-01	5.000627e-05
3	5	1.021803e+02	2.436714e-01	5.000639e-05
3	5	1.022684e+02	2.455940e-01	5.000842e-05
3	5	1.023555e+02	2.474403e-01	5.000746e-05
3	5	1.024442e+02	2.492790e-01	5.000877e-05
3	5	1.025317e+02	2.511864e-01	5.000603e-05
3	5	1.026197e+02	2.530937e-01	5.000734e-05
3	5	1.027079e+02	2.549286e-01	5.000627e-05
3	5	1.027958e+02	2.569046e-01	5.000794e-05
3	5	1.028839e+02	2.587624e-01	5.000567e-05
3	5	1.029717e+02	2.606735e-01	5.000472e-05
3	5	1.030604e+02	2.624779e-01	5.000746e-05
3	5	1.031482e+02	2.644691e-01	5.000651e-05
3	5	1.032361e+02	2.662926e-01	5.000925e-05
3	5	1.033239e+02	2.681351e-01	5.000663e-05
3	5	1.034120e+02	2.700195e-01	5.000818e-05
3	5	1.035000e+02	2.719116e-01	5.000615e-05
3	5	1.035876e+02	2.736969e-01	5.001056e-05
3	5	1.036763e+02	2.756615e-01	5.000973e-05
3	5	1.037638e+02	2.773972e-01	5.000806e-05
3	5	1.038523e+02	2.792587e-01	5.000651e-05
3	5	1.039396e+02	2.812462e-01	5.000651e-05
3	5	1.040276e+02	2.831497e-01	5.000889e-05
3	5	1.041163e+02	2.849922e-01	5.000520e-05
3	5	1.042042e+02	2.868576e-01	5.000794e-05
3	5	1.042920e+02	2.886772e-01	5.000627e-05
3	5	1.043800e+02	2.905197e-01	5.000401e-05
3	5	1.044676e+02	2.925720e-01	5.000532e-05
3	5	1.045554e+02	2.942352e-01	5.000651e-05
3	5	1.046440e+02	2.960892e-01	5.000854e-05
3	5	1.047315e+02	2.980919e-01	5.000675e-05
3	5	1.048195e+02	2.998657e-01	5.000627e-05
3	5	1.049081e+02	3.016624e-01	5.000782e-05
3	5	1.049958e+02	3.036728e-01	5.000782e-05
3	5	1.050841e+02	3.056107e-01	5.000484e-05
3	5	1.051723e+02	3.073654e-01	5.000484e-05
3	5	1.052599e+02	3.092613e-01	5.000770e-05
3	5	1.053476e+02	3.110962e-01	5.000699e-05
3	5	1.054355e+02	3.129921e-01	5.000973e-05
3	5	1.055244e+02	3.148308e-01	5.000556e-05
3	5	1.056120e+02	3.167534e-01	5.000710e-05
3	5	1.057000e+02	3.186722e-01	5.000699e-05
3	5	1.057877e+02	3.205681e-01	5.000687e-05
3	5	1.058762e+02	3.223228e-01	5.000615e-05
3	5	1.059636e+02	3.242569e-01	5.000448e-05
3	5	1.060518e+02	3.260689e-01	5.000544e-05
3	5	1.061403e+02	3.279495e-01	5.000722e-05
3	5	1.062276e+02	3.297997e-01	5.000639e-05
3	5	1.063156e+02	3.316422e-01	5.000627e-05
3	5	1.064042e+02	3.336067e-01	5.000579e-05
3	5	1.064916e+02	3.353920e-01	5.000603e-05
3	5	1.065799e+02	3.372498e-01	5.000389e-05
3	5	1.066684e+02	3.391113e-01	5.000675e-05
3	5	1.067557e+02	3.410873e-01	5.000889e-05
3	5	1.068442e+02	3.428307e-01	5.000687e-05
3	5	1.069323e+02	3.448219e-01	5.000663e-05
3	5	1.070196e+02	3.465157e-01	5.000997e-05
3	5	1.071082e+02	3.484497e-01	5.000591e-05
3	5	1.071960e+02	3.503380e-01	5.000603e-05
3	5	1.072838e+02	3.521881e-01	5.001080e-05
3	5	1.073723e+02	3.540077e-01	5.000687e-05
3	5	1.074603e+02	3.558464e-01	5.000901e-05
3	5	1.075482e+02	3.577271e-01	5.000663e-05
3	5	1.076354e+02	3.596077e-01	5.000806e-05
3	5	1.077239e+02	3.614235e-01	5.000865e-05
3	5	1.078115e+02	3.631706e-01	5.000722e-05
3	5	1.078996e+02	3.652000e-01	5.000579e-05
3	5	1.079875e+02	3.670807e-01	5.001032e-05
3	5	1.080760e+02	3.690147e-01	5.000591e-05
3	5	1.081637e+02	3.708420e-01	5.000734e-05
3	5	1.082520e+02	3.726463e-01	5.000687e-05
3	5	1.083403e+02	3.746490e-01	5.000520e-05
3	5	1.084283e+02	3.764000e-01	5.000615e-05
3	5	1.085164e+02	3.781433e-01	5.000877e-05
3	5	1.086041e+02	3.801003e-01	5.000770e-05
3	5	1.086923e+02	3.819313e-01	5.000842e-05
3	5	1.087803e+02	3.837662e-01	5.000794e-05
3	5	1.088676e+02	3.856812e-01	5.000424e-05
3	5	1.089556e+02	3.873901e-01	5.000615e-05
3	5	1.090440e+02	3.894005e-01	5.000627e-05
3	5	1.091321e+02	3.911629e-01	5.000770e-05
3	5	1.092203e+02	3.929520e-01	5.000651e-05
3	5	1.093083e+02	3.949432e-01	5.000901e-05
3	5	1.093955e+02	3.968048e-01	5.000806e-05
3	5	1.094844e+02	3.986206e-01	5.000865e-05
3	5	1.095721e+02	4.005051e-01	5.000961e-05
3	5	1.096600e+02	4.023438e-01	5.000687e-05
3	5	1.097481e+02	4.042740e-01	5.000818e-05
3	5	1.098355e+02	4.061623e-01	5.000997e-05
3	5	1.099242e+02	4.079666e-01	5.000663e-05
3	5	1.100122e+02	4.098396e-01	5.000830e-05
3	5	1.100997e+02	4.116745e-01	5.000830e-05
3	5	1.101882e+02	4.135818e-01	5.000782e-05
3	5	1.102764e+02	4.154243e-01	5.000579e-05
3	5	1.103635e+02	4.170609e-01	5.000782e-05
3	5	1.104514e+02	4.190369e-01	5.000782e-05
3	5	1.105401e+02	4.208946e-01	5.000699e-05
3	5	1.106277e+02	4.227028e-01	5.000579e-05
3	5	1.107159e+02	4.245796e-01	5.000830e-05
3	5	1.108035e+02	4.264526e-01	5.000734e-05
3	5	1.108920e+02	4.282455e-01	5.000961e-05
3	5	1.109799e+02	4.301033e-01	5.000663e-05
3	5	1.110677e+02	4.320717e-01	5.000556e-05
3	5	1.111563e+02	4.337807e-01	5.000806e-05
3	5	1.112436e+02	4.357185e-01	5.000770e-05
3	5	1.113314e+02	4.375267e-01	5.000722e-05
3	5	1.114196e+02	4.393654e-01	5.000639e-05
3	5	1.115075e+02	4.412956e-01	5.000722e-05
3	5	1.115959e+02	4.431190e-01	5.000639e-05
3	5	1.116838e+02	4.449883e-01	5.000663e-05
3	5	1.117719e+02	4.468231e-01	5.000591e-05
3	5	1.118595e+02	4.486122e-01	5.000722e-05
3	5	1.119480e+02	4.505119e-01	5.000675e-05
3	5	1.120362e+02	4.522858e-01	5.000353e-05
3	5	1.121237e+02	4.541626e-01	5.000758e-05
3	5	1.122122e+02	4.560318e-01	5.000865e-05
3	5	1.122997e+02	4.579544e-01	5.000758e-05
3	5	1.123877e+02	4.597397e-01	5.000579e-05
3	5	1.124757e+02	4.616966e-01	5.000865e-05
3	5	1.125641e+02	4.634895e-01	5.000603e-05
3	5	1.126523e+02	4.653549e-01	5.000556e-05
3	5	1.127404e+02	4.672432e-01	5.000699e-05
3	5	1.128277e+02	4.689217e-01	5.000627e-05
3	5	1.129161e+02	4.706726e-01	5.000591e-05
3	5	1.130040e+02	4.726753e-01	5.000794e-05
3	5	1.130923e+02	4.746361e-01	5.000854e-05
3	5	1.131804e+02	4.764137e-01	5.000734e-05
3	5	1.132683e+02	4.782104e-01	5.000925e-05
3	5	1.133563e+02	4.800758e-01	5.000830e-05
3	5	1.134444e+02	4.818726e-01	5.000782e-05
3	5	1.135324e+02	4.838409e-01	5.000579e-05
3	5	1.136201e+02	4.856415e-01	5.000639e-05
3	5	1.137083e+02	4.875603e-01	5.000627e-05
3	5	1.137959e+02	4.893417e-01	5.000865e-05
3	5	1.138835e+02	4.910927e-01	5.000901e-05
3	5	1.139719e+02	4.930305e-01	5.000806e-05
3	5	1.140596e+02	4.948273e-01	5.000710e-05
3	5	1.141476e+02	4.967003e-01	5.000758e-05
3	5	1.142362e+02	4.984779e-01	5.000854e-05
3	5	1.143241e+02	5.004044e-01	5.000603e-05
3	6	1.144121e+02	4.925690e-01	-3.105748e-05
3	6	1.145001e+02	4.883041e-01	-4.996943e-05
3	6	1.145883e+02	4.861946e-01	-4.996967e-05
3	6	1.146762e+02	4.840622e-01	-4.997218e-05
3	6	1.147642e+02	4.820023e-01	-4.997408e-05
3	6	1.148517e+02	4.797668e-01	-4.997325e-05
3	6	1.149396e+02	4.777184e-01	-4.996967e-05
3	6	1.150275e+02	4.757614e-01	-4.997158e-05
3	6	1.151157e+02	4.737053e-01	-4.997110e-05
3	6	1.152036e+02	4.717102e-01	-4.997206e-05
3	6	1.152919e+02	4.696655e-01	-4.996812e-05
3	6	1.153798e+02	4.675827e-01	-4.996991e-05
3	6	1.154675e+02	4.655457e-01	-4.997003e-05
3	6	1.155559e+02	4.635391e-01	-4.996943e-05
3	6	1.156438e+02	4.616127e-01	-4.997444e-05
3	6	1.157318e+02	4.595413e-01	-4.997134e-05
3	6	1.158199e+02	4.575729e-01	-4.997170e-05
3	6	1.159079e+02	4.555931e-01	-4.996860e-05
3	6	1.159961e+02	4.535522e-01	-4.996955e-05
3	6	1.160840e+02	4.515457e-01	-4.996943e-05
3	6	1.161715e+02	4.495544e-01	-4.997146e-05
3	6	1.162603e+02	4.476204e-01	-4.997265e-05
3	6	1.163480e+02	4.455566e-01	-4.997110e-05
3	6	1.164362e+02	4.436150e-01	-4.997385e-05
3	6	1.165238e+02	4.415894e-01	-4.997087e-05
3	6	1.166116e+02	4.396515e-01	-4.997122e-05
3	6	1.166996e+02	4.377556e-01	-4.996943e-05
3	6	1.167884e+02	4.358253e-01	-4.996741e-05
3	6	1.168761e+02	4.338455e-01	-4.997039e-05
3	6	1.169639e+02	4.317589e-01	-4.997182e-05
3	6	1.170521e+02	4.298401e-01	-4.996943e-05
3	6	1.171399e+02	4.278297e-01	-4.997277e-05
3	6	1.172283e+02	4.259644e-01	-4.997253e-05
3	6	1.173155e+02	4.239616e-01	-4.997325e-05
3	6	1.174041e+02	4.219666e-01	-4.996955e-05
3	6	1.174919e+02	4.200096e-01	-4.997301e-05
3	6	1.175802e+02	4.180908e-01	-4.997134e-05
3	6	1.176675e+02	4.161148e-01	-4.996932e-05
3	6	1.177555e+02	4.141006e-01	-4.997301e-05
3	6	1.178438e+02	4.122849e-01	-4.997087e-05
3	6	1.179322e+02	4.103317e-01	-4.997122e-05
3	6	1.180198e+02	4.082947e-01	-4.997039e-05
3	6	1.181076e+02	4.065361e-01	-4.997230e-05
3	6	1.181963e+02	4.044533e-01	-4.997361e-05
3	6	1.182841e+02	4.026031e-01	-4.997051e-05
3	6	1.183719e+02	4.006538e-01	-4.997218e-05
3	6	1.184603e+02	3.985710e-01	-4.997087e-05
3	6	1.185480e+02	3.966827e-01	-4.997301e-05
3	6	1.186359e+02	3.947029e-01	-4.997301e-05
3	6	1.187245e+02	3.927765e-01	-4.997373e-05
3	6	1.188120e+02	3.907776e-01	-4.997218e-05
3	6	1.188996e+02	3.888931e-01	-4.996967e-05
3	6	1.189877e+02	3.870354e-01	-4.997110e-05
3	6	1.190758e+02	3.849411e-01	-4.997206e-05
3	6	1.191641e+02	3.829765e-01	-4.997027e-05
3	6	1.192515e+02	3.812027e-01	-4.997087e-05
3	6	1.193397e+02	3.793068e-01	-4.997194e-05
3	6	1.194280e+02	3.772697e-01	-4.997194e-05
3	6	1.195159e+02	3.752556e-01	-4.996955e-05
3	6	1.196038e+02	3.734436e-01	-4.997146e-05
3	6	1.196921e+02	3.715477e-01	-4.996991e-05
3	6	1.197804e+02	3.696480e-01	-4.997230e-05
3	6	1.198681e+02	3.675880e-01	-4.997373e-05
3	6	1.199559e+02	3.657417e-01	-4.997122e-05
3	6	1.200443e+02	3.638229e-01	-4.997230e-05
3	6	1.201323e+02	3.619156e-01	-4.996967e-05
3	6	1.202195e+02	3.599167e-01	-4.997337e-05
3	6	1.203081e+02	3.580246e-01	-4.997027e-05
3	6	1.203957e+02	3.560600e-01	-4.997063e-05
3	6	1.204837e+02	3.541222e-01	-4.997408e-05
3	6	1.205723e+02	3.522301e-01	-4.997170e-05
3	6	1.206604e+02	3.502846e-01	-4.997098e-05
3	6	1.207484e+02	3.483276e-01	-4.997241e-05
3	6	1.208358e+02	3.464546e-01	-4.997158e-05
3	6	1.209235e+02	3.446388e-01	-4.997158e-05
3	6	1.210115e+02	3.425827e-01	-4.997182e-05
3	6	1.210996e+02	3.407173e-01	-4.997218e-05
3	6	1.211883e+02	3.388748e-01	-4.997480e-05
3	6	1.212761e+02	3.368950e-01	-4.997492e-05
3	6	1.213639e+02	3.349152e-01	-4.997087e-05
3	6	1.214520e+02	3.330460e-01	-4.997087e-05
3	6	1.215400e+02	3.311806e-01	-4.997015e-05
3	6	1.216280e+02	3.291664e-01	-4.997265e-05
3	6	1.217163e+02	3.273582e-01	-4.997063e-05
3	6	1.218039e+02	3.253708e-01	-4.997039e-05
3	6	1.218923e+02	3.234024e-01	-4.997003e-05
3	6	1.219804e+02	3.215523e-01	-4.997027e-05
3	6	1.220681e+02	3.196869e-01	-4.997098e-05
3	6	1.221563e+02	3.178635e-01	-4.997158e-05
3	6	1.222442e+02	3.157234e-01	-4.997241e-05
3	6	1.223322e+02	3.137169e-01	-4.997158e-05
3	6	1.224195e+02	3.119431e-01	-4.997087e-05
3	6	1.225077e+02	3.101044e-01	-4.997063e-05
3	6	1.225958e+02	3.081093e-01	-4.996896e-05
3	6	1.226835e+02	3.062706e-01	-4.997063e-05
3	6	1.227724e+02	3.043442e-01	-4.997218e-05
3	6	1.228599e+02	3.024216e-01	-4.997158e-05
3	6	1.229474e+02	3.005638e-01	-4.996955e-05
3	6	1.230363e+02	2.985916e-01	-4.996991e-05
3	6	1.231236e+02	2.966461e-01	-4.997325e-05
3	6	1.232116e+02	2.947998e-01	-4.997218e-05
3	6	1.233003e+02	2.928734e-01	-4.997170e-05
3	6	1.233876e+02	2.909698e-01	-4.997432e-05
3	6	1.234756e+02	2.890701e-01	-4.996920e-05
3	6	1.235636e+02	2.871246e-01	-4.997194e-05
3	6	1.236515e+02	2.852325e-01	-4.997122e-05
3	6	1.237395e+02	2.834167e-01	-4.997182e-05
3	6	1.238283e+02	2.815018e-01	-4.997444e-05
3	6	1.239160e+02	2.796936e-01	-4.997265e-05
3	6	1.240044e+02	2.776985e-01	-4.996955e-05
3	6	1.240923e+02	2.756691e-01	-4.997158e-05
3	6	1.241799e+02	2.738914e-01	-4.997230e-05
3	6	1.242679e+02	2.719574e-01	-4.997110e-05
3	6	1.243556e+02	2.700806e-01	-4.997277e-05
3	6	1.244443e+02	2.681999e-01	-4.997146e-05
3	6	1.245320e+02	2.663536e-01	-4.996860e-05
3	6	1.246195e+02	2.643929e-01	-4.996967e-05
3	6	1.247079e+02	2.625999e-01	-4.997146e-05
3	6	1.247963e+02	2.605858e-01	-4.997230e-05
3	6	1.248835e+02	2.586174e-01	-4.996943e-05
3	6	1.249724e+02	2.568130e-01	-4.997349e-05
3	6	1.250598e+02	2.548599e-01	-4.997182e-05
3	6	1.251484e+02	2.528877e-01	-4.997098e-05
3	6	1.252359e+02	2.510719e-01	-4.997265e-05
3	6	1.253243e+02	2.491837e-01	-4.997265e-05
3	6	1.254116e+02	2.473335e-01	-4.997289e-05
3	6	1.254998e+02	2.453995e-01	-4.997218e-05
3	6	1.255876e+02	2.435722e-01	-4.997098e-05
3	6	1.256758e+02	2.416725e-01	-4.997087e-05
3	6	1.257637e+02	2.397156e-01	-4.997110e-05
3	6	1.258523e+02	2.377930e-01	-4.997194e-05
3	6	1.259401e+02	2.358780e-01	-4.997253e-05
3	6	1.260282e+02	2.340775e-01	-4.996884e-05
3	6	1.261163e+02	2.321243e-01	-4.997456e-05
3	6	1.262039e+02	2.302475e-01	-4.997218e-05
3	6	1.262922e+02	2.283096e-01	-4.997098e-05
3	6	1.263799e+02	2.263641e-01	-4.997218e-05
3	6	1.264675e+02	2.246513e-01	-4.997134e-05
3	6	1.265559e+02	2.226677e-01	-4.997325e-05
3	6	1.266438e+02	2.207108e-01	-4.997158e-05
3	6	1.267315e+02	2.188683e-01	-4.997349e-05
3	6	1.268203e+02	2.169228e-01	-4.996848e-05
3	6	1.269082e+02	2.151527e-01	-4.997063e-05
3	6	1.269953e+02	2.132339e-01	-4.997182e-05
3	6	1.270839e+02	2.113686e-01	-4.996872e-05
3	6	1.271721e+02	2.094040e-01	-4.997313e-05
3	6	1.272597e+02	2.074699e-01	-4.997277e-05
3	6	1.273479e+02	2.056122e-01	-4.997170e-05
3	6	1.274360e+02	2.038193e-01	-4.997301e-05
3	6	1.275235e+02	2.018623e-01	-4.997134e-05
3	6	1.276121e+02	1.999550e-01	-4.997253e-05
3	6	1.276997e+02	1.980591e-01	-4.997444e-05
3	6	1.277879e+02	1.961975e-01	-4.997230e-05
3	6	1.278759e+02	1.942024e-01	-4.997337e-05
3	6	1.279642e+02	1.924286e-01	-4.997063e-05
3	6	1.280519e+02	1.906128e-01	-4.997122e-05
3	6	1.281395e+02	1.886902e-01	-4.996908e-05
3	6	1.282283e+02	1.868286e-01	-4.997516e-05
3	6	1.283162e+02	1.848679e-01	-4.997146e-05
3	6	1.284035e+02	1.829147e-01	-4.997241e-05
3	6	1.284916e+02	1.809883e-01	-4.997039e-05
3	6	1.285796e+02	1.791344e-01	-4.997087e-05
3	6	1.286676e+02	1.773033e-01	-4.997170e-05
3	6	1.287559e+02	1.755638e-01	-4.997504e-05
3	6	1.288439e+02	1.735229e-01	-4.996896e-05
3	6	1.289323e+02	1.716919e-01	-4.997051e-05
3	6	1.290196e+02	1.697884e-01	-4.996991e-05
3	6	1.291083e+02	1.679268e-01	-4.997051e-05
3	6	1.291955e+02	1.659164e-01	-4.997110e-05
3	6	1.292841e+02	1.641464e-01	-4.997015e-05
3	6	1.293715e+02	1.622925e-01	-4.997027e-05
3	6	1.294596e+02	1.604233e-01	-4.997241e-05
3	6	1.295477e+02	1.585770e-01	-4.997206e-05
3	6	1.296360e+02	1.566086e-01	-4.997218e-05
3	6	1.297244e+02	1.546669e-01	-4.997110e-05
3	6	1.298119e+02	1.528549e-01	-4.996943e-05
3	6	1.298996e+02	1.510429e-01	-4.997241e-05
3	6	1.299880e+02	1.491280e-01	-4.997158e-05
3	6	1.300758e+02	1.473160e-01	-4.997122e-05
3	6	1.301642e+02	1.454048e-01	-4.997087e-05
3	6	1.302515e+02	1.434975e-01	-4.996943e-05
3	6	1.303403e+02	1.415329e-01	-4.997253e-05
3	6	1.304281e+02	1.396408e-01	-4.997098e-05
3	6	1.305163e+02	1.378517e-01	-4.997087e-05
3	6	1.306040e+02	1.358223e-01	-4.996967e-05
3	6	1.306915e+02	1.339264e-01	-4.997134e-05
3	6	1.307794e+02	1.322937e-01	-4.996991e-05
3	6	1.308674e+02	1.303253e-01	-4.997075e-05
3	6	1.309562e+02	1.284637e-01	-4.997504e-05
3	6	1.310440e+02	1.265984e-01	-4.997134e-05
3	6	1.311322e+02	1.246986e-01	-4.997134e-05
3	6	1.312199e+02	1.229057e-01	-4.997134e-05
3	6	1.313082e+02	1.209908e-01	-4.997289e-05
3	6	1.313959e+02	1.190834e-01	-4.997373e-05
3	6	1.314840e+02	1.170502e-01	-4.997170e-05
3	6	1.315720e+02	1.152573e-01	-4.997110e-05
3	6	1.316602e+02	1.134720e-01	-4.997218e-05
3	6	1.317482e+02	1.115532e-01	-4.997170e-05
3	6	1.318363e+02	1.094742e-01	-4.997265e-05
3	6	1.319238e+02	1.077156e-01	-4.997039e-05
3	6	1.320124e+02	1.059418e-01	-4.997170e-05
3	6	1.321000e+02	1.040039e-01	-4.997039e-05
3	6	1.321882e+02	1.021767e-01	-4.997230e-05
3	6	1.322761e+02	1.002579e-01	-4.997277e-05
3	6	1.323642e+02	9.856796e-02	-4.997087e-05
3	6	1.324524e+02	9.648514e-02	-4.997241e-05
3	6	1.325399e+02	9.461594e-02	-4.996860e-05
3	6	1.326276e+02	9.278107e-02	-4.997170e-05
3	6	1.327163e+02	9.097290e-02	-4.997396e-05
3	6	1.328039e+02	8.905029e-02	-4.997110e-05
3	6	1.328915e+02	8.716583e-02	-4.997182e-05
3	6	1.329800e+02	8.530807e-02	-4.997122e-05
3	6	1.330684e+02	8.336258e-02	-4.997027e-05
3	6	1.331560e+02	8.163071e-02	-4.997098e-05
3	6	1.332441e+02	7.967758e-02	-4.997194e-05
3	6	1.333316e+02	7.780457e-02	-4.996920e-05
3	6	1.334204e+02	7.586288e-02	-4.997146e-05
3	6	1.335084e+02	7.408905e-02	-4.997075e-05
3	6	1.335961e+02	7.221985e-02	-4.996991e-05
3	6	1.336835e+02	7.032776e-02	-4.996920e-05
3	6	1.337715e+02	6.848145e-02	-4.997373e-05
3	6	1.338601e+02	6.672668e-02	-4.996991e-05
3	6	1.339479e+02	6.475067e-02	-4.997170e-05
3	6	1.340358e+02	6.289673e-02	-4.996932e-05
3	6	1.341239e+02	6.095886e-02	-4.997051e-05
3	6	1.342124e+02	5.915070e-02	-4.997230e-05
3	6	1.343004e+02	5.729294e-02	-4.997265e-05
3	6	1.343876e+02	5.526733e-02	-4.997051e-05
3	6	1.344761e+02	5.363083e-02	-4.997408e-05
3	6	1.345641e+02	5.173874e-02	-4.997301e-05
3	6	1.346520e+02	4.967499e-02	-4.996896e-05
3	6	1.347400e+02	4.788589e-02	-4.997385e-05
3	6	1.348282e+02	4.606628e-02	-4.997337e-05
3	6	1.349154e+02	4.406357e-02	-4.997349e-05
3	6	1.350036e+02	4.225540e-02	-4.997265e-05
3	6	1.350917e+02	4.055786e-02	-4.997313e-05
3	6	1.351795e+02	3.854370e-02	-4.997122e-05
3	6	1.352676e+02	3.686523e-02	-4.997373e-05
3	6	1.353563e+02	3.494644e-02	-4.997385e-05
3	6	1.354442e+02	3.297424e-02	-4.997146e-05
3	6	1.355318e+02	3.115463e-02	-4.997122e-05
3	6	1.356203e+02	2.931976e-02	-4.997098e-05
3	6	1.357075e+02	2.740860e-02	-4.997110e-05
3	6	1.357963e+02	2.556229e-02	-4.997337e-05
3	6	1.358841e+02	2.362442e-02	-4.997325e-05
3	6	1.359721e+02	2.172089e-02	-4.996824e-05
3	6	1.360599e+02	1.993179e-02	-4.997087e-05
3	6	1.361480e+02	1.815414e-02	-4.997301e-05
3	6	1.362356e+02	1.631165e-02	-4.997098e-05
3	6	1.363235e+02	1.438141e-02	-4.997218e-05
3	6	1.364120e+02	1.259995e-02	-4.996979e-05
3	6	1.364998e+02	1.057816e-02	-4.997468e-05
3	6	1.365878e+02	8.804321e-03	-4.997146e-05
3	6	1.366760e+02	6.885529e-03	-4.997289e-05
3	6	1.367639e+02	5.054474e-03	-4.997373e-05
3	6	1.368520e+02	3.345490e-03	-4.996824e-05
3	6	1.369397e+02	1.300812e-03	-4.997134e-05
3	6	1.370284e+02	-4.653931e-04	-4.997027e-05
