Cycle number	Half cycle number	Elapsed time (s)	Potential (V)	Current (A)
1	1	3.138278e-05	2.833176e-02	-3.957748e-08
1	1	1.842595e-02	2.833176e-02	-3.957748e-08
1	1	1.071704e-01	3.516388e-02	5.001783e-05
1	1	1.952929e-01	3.763580e-02	5.001783e-05
1	1	2.834077e-01	3.962708e-02	5.001450e-05
1	1	3.710899e-01	4.159927e-02	5.001354e-05
1	1	4.594228e-01	4.361725e-02	5.001366e-05
1	1	5.477854e-01	4.555130e-02	5.001748e-05
1	1	6.356272e-01	4.753494e-02	5.001664e-05
1	1	7.232698e-01	4.942322e-02	5.001438e-05
1	1	8.112891e-01	5.134583e-02	5.001366e-05
1	1	8.993241e-01	5.336761e-02	5.001366e-05
1	1	9.876609e-01	5.521774e-02	5.001462e-05
1	1	1.075613e+00	5.720520e-02	5.001676e-05
1	1	1.162997e+00	5.918121e-02	5.001426e-05
1	1	1.251780e+00	6.101608e-02	5.001438e-05
1	1	1.339240e+00	6.296921e-02	5.001342e-05
1	1	1.427661e+00	6.482315e-02	5.001366e-05
1	1	1.515862e+00	6.680298e-02	5.001485e-05
1	1	1.603237e+00	6.866455e-02	5.001342e-05
1	1	1.691107e+00	7.064819e-02	5.001235e-05
1	1	1.779440e+00	7.252502e-02	5.001426e-05
1	1	1.867280e+00	7.446289e-02	5.001771e-05
1	1	1.955394e+00	7.630539e-02	5.001438e-05
1	1	2.043031e+00	7.833481e-02	5.001593e-05
1	1	2.131653e+00	8.028793e-02	5.001438e-05
1	1	2.219398e+00	8.208847e-02	5.001199e-05
1	1	2.307826e+00	8.395767e-02	5.001307e-05
1	1	2.395339e+00	8.596802e-02	5.001378e-05
1	1	2.483790e+00	8.780670e-02	5.001569e-05
1	1	2.571564e+00	8.976746e-02	5.001569e-05
1	1	2.659162e+00	9.160614e-02	5.001414e-05
1	1	2.747211e+00	9.350967e-02	5.001450e-05
1	1	2.835560e+00	9.558868e-02	5.001104e-05
1	1	2.923805e+00	9.730148e-02	5.001640e-05
1	1	3.011479e+00	9.931946e-02	5.001390e-05
1	1	3.099504e+00	1.011925e-01	5.001330e-05
1	1	3.187046e+00	1.031075e-01	5.001462e-05
1	1	3.275015e+00	1.049500e-01	5.001569e-05
1	1	3.363093e+00	1.068611e-01	5.001235e-05
1	1	3.450978e+00	1.087265e-01	5.001402e-05
1	1	3.538898e+00	1.105957e-01	5.001521e-05
1	1	3.627013e+00	1.126442e-01	5.001366e-05
1	1	3.715593e+00	1.144562e-01	5.001354e-05
1	1	3.803111e+00	1.163445e-01	5.001533e-05
1	1	3.891068e+00	1.181793e-01	5.001462e-05
1	1	3.979640e+00	1.200600e-01	5.001760e-05
1	1	4.067011e+00	1.219826e-01	5.001557e-05
1	1	4.155677e+00	1.239204e-01	5.001557e-05
1	1	4.243552e+00	1.258888e-01	5.001605e-05
1	1	4.331919e+00	1.276817e-01	5.001497e-05
1	1	4.419585e+00	1.295319e-01	5.001557e-05
1	1	4.507117e+00	1.315079e-01	5.001390e-05
1	1	4.595723e+00	1.333656e-01	5.001533e-05
1	1	4.683401e+00	1.352386e-01	5.001426e-05
1	1	4.771444e+00	1.371155e-01	5.001366e-05
1	1	4.859066e+00	1.389160e-01	5.001688e-05
1	1	4.947593e+00	1.408539e-01	5.001581e-05
1	1	5.035457e+00	1.428490e-01	5.001450e-05
1	1	5.123562e+00	1.447334e-01	5.001414e-05
1	1	5.210943e+00	1.465187e-01	5.001557e-05
1	1	5.299401e+00	1.484604e-01	5.001521e-05
1	1	5.387779e+00	1.502304e-01	5.001700e-05
1	1	5.475039e+00	1.522331e-01	5.001593e-05
1	1	5.562971e+00	1.539688e-01	5.001783e-05
1	1	5.651380e+00	1.558456e-01	5.001366e-05
1	1	5.739173e+00	1.576996e-01	5.001187e-05
1	1	5.827949e+00	1.597176e-01	5.001771e-05
1	1	5.915808e+00	1.615486e-01	5.001438e-05
1	1	6.003879e+00	1.634216e-01	5.001426e-05
1	1	6.091022e+00	1.653481e-01	5.001783e-05
1	1	6.179947e+00	1.671944e-01	5.001295e-05
1	1	6.267044e+00	1.690750e-01	5.001414e-05
1	1	6.355029e+00	1.709785e-01	5.001163e-05
1	1	6.443818e+00	1.728439e-01	5.001438e-05
1	1	6.531279e+00	1.747971e-01	5.001259e-05
1	1	6.619104e+00	1.766663e-01	5.001295e-05
1	1	6.707726e+00	1.783867e-01	5.001330e-05
1	1	6.795615e+00	1.803780e-01	5.001473e-05
1	1	6.883487e+00	1.823235e-01	5.001593e-05
1	1	6.971707e+00	1.841354e-01	5.001497e-05
1	1	7.059364e+00	1.859970e-01	5.001688e-05
1	1	7.147003e+00	1.878357e-01	5.001450e-05
1	1	7.235615e+00	1.897507e-01	5.001736e-05
1	1	7.323572e+00	1.916046e-01	5.001485e-05
1	1	7.411703e+00	1.935463e-01	5.001152e-05
1	1	7.499347e+00	1.953239e-01	5.001307e-05
1	1	7.587127e+00	1.972694e-01	5.001557e-05
1	1	7.675097e+00	1.991272e-01	5.001712e-05
1	1	7.763611e+00	2.009468e-01	5.001485e-05
1	1	7.851314e+00	2.028389e-01	5.001688e-05
1	1	7.939924e+00	2.047310e-01	5.001307e-05
1	1	8.027536e+00	2.066154e-01	5.001783e-05
1	1	8.115697e+00	2.084885e-01	5.001402e-05
1	1	8.203050e+00	2.102737e-01	5.001676e-05
1	1	8.291374e+00	2.122231e-01	5.001450e-05
1	1	8.379809e+00	2.141457e-01	5.001378e-05
1	1	8.467320e+00	2.159386e-01	5.001521e-05
1	1	8.555149e+00	2.178383e-01	5.001569e-05
1	1	8.642941e+00	2.196846e-01	5.001390e-05
1	1	8.731508e+00	2.215385e-01	5.001652e-05
1	1	8.819493e+00	2.233963e-01	5.001450e-05
1	1	8.906950e+00	2.253571e-01	5.001628e-05
1	1	8.995830e+00	2.271614e-01	5.001438e-05
1	1	9.083085e+00	2.290230e-01	5.001283e-05
1	1	9.171086e+00	2.309532e-01	5.001545e-05
1	1	9.259911e+00	2.327652e-01	5.001473e-05
1	1	9.347445e+00	2.347298e-01	5.001509e-05
1	1	9.435702e+00	2.364197e-01	5.001271e-05
1	1	9.523066e+00	2.384453e-01	5.001462e-05
1	1	9.611818e+00	2.402229e-01	5.001295e-05
1	1	9.698968e+00	2.421112e-01	5.001223e-05
1	1	9.787669e+00	2.440224e-01	5.001450e-05
1	1	9.875157e+00	2.458611e-01	5.001450e-05
1	1	9.963627e+00	2.476234e-01	5.001724e-05
1	1	1.005143e+01	2.496033e-01	5.001640e-05
1	1	1.013962e+01	2.514572e-01	5.001223e-05
1	1	1.022701e+01	2.532539e-01	5.001628e-05
1	1	1.031588e+01	2.551384e-01	5.001521e-05
1	1	1.040339e+01	2.570724e-01	5.001664e-05
1	1	1.049178e+01	2.589760e-01	5.001414e-05
1	1	1.057944e+01	2.607880e-01	5.001307e-05
1	1	1.066758e+01	2.626762e-01	5.001402e-05
1	1	1.075554e+01	2.645149e-01	5.001247e-05
1	1	1.084334e+01	2.663307e-01	5.001223e-05
1	1	1.093168e+01	2.681770e-01	5.001664e-05
1	1	1.101978e+01	2.700462e-01	5.001521e-05
1	1	1.110709e+01	2.719193e-01	5.001509e-05
1	1	1.119556e+01	2.737503e-01	5.001163e-05
1	1	1.128301e+01	2.756996e-01	5.001080e-05
1	1	1.137177e+01	2.775764e-01	5.001485e-05
1	1	1.145959e+01	2.793388e-01	5.001283e-05
1	1	1.154778e+01	2.812462e-01	5.001593e-05
1	1	1.163540e+01	2.831039e-01	5.001259e-05
1	1	1.172337e+01	2.849197e-01	5.001342e-05
1	1	1.181181e+01	2.868996e-01	5.001378e-05
1	1	1.189931e+01	2.887650e-01	5.001545e-05
1	1	1.198758e+01	2.904968e-01	5.001748e-05
1	1	1.207492e+01	2.923164e-01	5.001545e-05
1	1	1.216304e+01	2.942581e-01	5.001795e-05
1	1	1.225183e+01	2.960587e-01	5.001521e-05
1	1	1.233946e+01	2.979240e-01	5.001402e-05
1	1	1.242782e+01	2.998543e-01	5.001557e-05
1	1	1.251584e+01	3.017387e-01	5.001378e-05
1	1	1.260352e+01	3.036079e-01	5.001462e-05
1	1	1.269159e+01	3.053551e-01	5.001628e-05
1	1	1.277901e+01	3.074112e-01	5.001628e-05
1	1	1.286696e+01	3.092537e-01	5.001307e-05
1	1	1.295544e+01	3.110428e-01	5.001450e-05
1	1	1.304372e+01	3.128395e-01	5.001485e-05
1	1	1.313093e+01	3.147354e-01	5.001736e-05
1	1	1.321951e+01	3.164864e-01	5.001414e-05
1	1	1.330755e+01	3.184357e-01	5.001652e-05
1	1	1.339506e+01	3.202705e-01	5.001473e-05
1	1	1.348326e+01	3.220863e-01	5.001545e-05
1	1	1.357191e+01	3.240013e-01	5.001628e-05
1	1	1.365911e+01	3.258095e-01	5.001593e-05
1	1	1.374764e+01	3.276634e-01	5.001640e-05
1	1	1.383558e+01	3.295860e-01	5.001318e-05
1	1	1.392390e+01	3.313599e-01	5.001318e-05
1	1	1.401115e+01	3.332596e-01	5.001247e-05
1	1	1.409960e+01	3.351822e-01	5.001521e-05
1	1	1.418723e+01	3.368950e-01	5.001616e-05
1	1	1.427519e+01	3.388138e-01	5.001330e-05
1	1	1.436315e+01	3.405952e-01	5.001640e-05
1	1	1.445164e+01	3.424988e-01	5.001426e-05
1	1	1.453903e+01	3.443108e-01	5.001450e-05
1	1	1.462744e+01	3.461800e-01	5.001318e-05
1	1	1.471583e+01	3.481140e-01	5.001748e-05
1	1	1.480314e+01	3.499031e-01	5.001748e-05
1	1	1.489163e+01	3.517494e-01	5.001605e-05
1	1	1.497953e+01	3.536263e-01	5.001497e-05
1	1	1.506754e+01	3.554726e-01	5.001414e-05
1	1	1.515579e+01	3.573456e-01	5.001283e-05
1	1	1.524340e+01	3.591156e-01	5.001438e-05
1	1	1.533116e+01	3.610268e-01	5.001199e-05
1	1	1.541935e+01	3.628159e-01	5.001593e-05
1	1	1.550708e+01	3.647270e-01	5.001366e-05
1	1	1.559522e+01	3.664932e-01	5.001283e-05
1	1	1.568389e+01	3.684845e-01	5.001235e-05
1	1	1.577100e+01	3.702126e-01	5.001628e-05
1	1	1.585899e+01	3.720436e-01	5.001366e-05
1	1	1.594746e+01	3.739777e-01	5.001593e-05
1	1	1.603554e+01	3.758354e-01	5.001783e-05
1	1	1.612361e+01	3.777008e-01	5.001533e-05
1	1	1.621115e+01	3.796082e-01	5.001640e-05
1	1	1.629925e+01	3.813820e-01	5.001438e-05
1	1	1.638704e+01	3.832970e-01	5.001533e-05
1	1	1.647534e+01	3.850327e-01	5.001283e-05
1	1	1.656334e+01	3.870087e-01	5.001414e-05
1	1	1.665126e+01	3.888168e-01	5.001438e-05
1	1	1.673927e+01	3.905449e-01	5.001414e-05
1	1	1.682769e+01	3.924408e-01	5.001163e-05
1	1	1.691593e+01	3.943405e-01	5.001247e-05
1	1	1.700338e+01	3.960915e-01	5.001688e-05
1	1	1.709153e+01	3.980179e-01	5.001497e-05
1	1	1.717957e+01	3.998337e-01	5.001354e-05
1	1	1.726783e+01	4.016571e-01	5.001450e-05
1	2	1.735582e+01	3.928795e-01	-3.901076e-05
1	2	1.744369e+01	3.893929e-01	-4.996431e-05
1	2	1.753178e+01	3.872185e-01	-4.996645e-05
1	2	1.761945e+01	3.851738e-01	-4.996407e-05
1	2	1.770724e+01	3.831482e-01	-4.996574e-05
1	2	1.779512e+01	3.809853e-01	-4.996312e-05
1	2	1.788326e+01	3.789787e-01	-4.996455e-05
1	2	1.797147e+01	3.769035e-01	-4.996657e-05
1	2	1.805908e+01	3.748398e-01	-4.996800e-05
1	2	1.814795e+01	3.729134e-01	-4.996395e-05
1	2	1.823579e+01	3.707848e-01	-4.996538e-05
1	2	1.832338e+01	3.687859e-01	-4.996645e-05
1	2	1.841176e+01	3.667488e-01	-4.996324e-05
1	2	1.849964e+01	3.647652e-01	-4.996622e-05
1	2	1.858739e+01	3.626785e-01	-4.996514e-05
1	2	1.867539e+01	3.607368e-01	-4.996490e-05
1	2	1.876322e+01	3.588257e-01	-4.996753e-05
1	2	1.885191e+01	3.568497e-01	-4.996431e-05
1	2	1.893916e+01	3.546944e-01	-4.996216e-05
1	2	1.902742e+01	3.527565e-01	-4.996502e-05
1	2	1.911510e+01	3.507195e-01	-4.996407e-05
1	2	1.920346e+01	3.487968e-01	-4.996574e-05
1	2	1.929100e+01	3.469048e-01	-4.996860e-05
1	2	1.937961e+01	3.449211e-01	-4.996073e-05
1	2	1.946739e+01	3.428612e-01	-4.996479e-05
1	2	1.955555e+01	3.408813e-01	-4.996312e-05
1	2	1.964383e+01	3.389435e-01	-4.996264e-05
1	2	1.973127e+01	3.371239e-01	-4.996264e-05
1	2	1.981939e+01	3.349762e-01	-4.996371e-05
1	2	1.990723e+01	3.330727e-01	-4.996538e-05
1	2	1.999552e+01	3.311043e-01	-4.996645e-05
1	2	2.008371e+01	3.291206e-01	-4.996347e-05
1	2	2.017151e+01	3.272820e-01	-4.996526e-05
1	2	2.025910e+01	3.252182e-01	-4.996121e-05
1	2	2.034751e+01	3.231926e-01	-4.996192e-05
1	2	2.043554e+01	3.212433e-01	-4.996169e-05
1	2	2.052345e+01	3.194084e-01	-4.996717e-05
1	2	2.061182e+01	3.174820e-01	-4.996312e-05
1	2	2.069990e+01	3.154411e-01	-4.996336e-05
1	2	2.078736e+01	3.135605e-01	-4.996574e-05
1	2	2.087517e+01	3.116150e-01	-4.996264e-05
1	2	2.096349e+01	3.096695e-01	-4.996371e-05
1	2	2.105136e+01	3.076668e-01	-4.996371e-05
1	2	2.113900e+01	3.057404e-01	-4.996693e-05
1	2	2.122792e+01	3.038559e-01	-4.996514e-05
1	2	2.131539e+01	3.017654e-01	-4.996407e-05
1	2	2.140307e+01	2.998314e-01	-4.996347e-05
1	2	2.149184e+01	2.979088e-01	-4.996550e-05
1	2	2.157968e+01	2.960587e-01	-4.996479e-05
1	2	2.166701e+01	2.939339e-01	-4.996407e-05
1	2	2.175594e+01	2.921066e-01	-4.996455e-05
1	2	2.184382e+01	2.902107e-01	-4.996049e-05
1	2	2.193104e+01	2.882156e-01	-4.996359e-05
1	2	2.201910e+01	2.862968e-01	-4.996514e-05
1	2	2.210767e+01	2.844315e-01	-4.996324e-05
1	2	2.219501e+01	2.824821e-01	-4.996634e-05
1	2	2.228340e+01	2.805252e-01	-4.996538e-05
1	2	2.237121e+01	2.785988e-01	-4.996526e-05
1	2	2.245961e+01	2.766800e-01	-4.996431e-05
1	2	2.254770e+01	2.747078e-01	-4.996514e-05
1	2	2.263583e+01	2.727852e-01	-4.996419e-05
1	2	2.272304e+01	2.709694e-01	-4.996455e-05
1	2	2.281192e+01	2.690163e-01	-4.996252e-05
1	2	2.289957e+01	2.670326e-01	-4.996812e-05
1	2	2.298743e+01	2.651596e-01	-4.996586e-05
1	2	2.307592e+01	2.631798e-01	-4.996371e-05
1	2	2.316353e+01	2.612839e-01	-4.996443e-05
1	2	2.325117e+01	2.593002e-01	-4.996443e-05
1	2	2.333905e+01	2.573700e-01	-4.996657e-05
1	2	2.342770e+01	2.555809e-01	-4.996455e-05
1	2	2.351585e+01	2.535973e-01	-4.996312e-05
1	2	2.360355e+01	2.516403e-01	-4.996467e-05
1	2	2.369137e+01	2.497673e-01	-4.996288e-05
1	2	2.377930e+01	2.477951e-01	-4.996252e-05
1	2	2.386753e+01	2.458878e-01	-4.996634e-05
1	2	2.395543e+01	2.440453e-01	-4.996455e-05
1	2	2.404360e+01	2.421303e-01	-4.996443e-05
1	2	2.413133e+01	2.402611e-01	-4.996324e-05
1	2	2.421941e+01	2.382736e-01	-4.996407e-05
1	2	2.430734e+01	2.363358e-01	-4.996574e-05
1	2	2.439505e+01	2.343864e-01	-4.996645e-05
1	2	2.448311e+01	2.325363e-01	-4.996276e-05
1	2	2.457128e+01	2.305794e-01	-4.996181e-05
1	2	2.465987e+01	2.285881e-01	-4.996467e-05
1	2	2.474770e+01	2.266617e-01	-4.996300e-05
1	2	2.483533e+01	2.248802e-01	-4.996669e-05
1	2	2.492316e+01	2.229195e-01	-4.996383e-05
1	2	2.501113e+01	2.210922e-01	-4.996586e-05
1	2	2.509968e+01	2.191048e-01	-4.996252e-05
1	2	2.518754e+01	2.171898e-01	-4.996693e-05
1	2	2.527586e+01	2.152596e-01	-4.996610e-05
1	2	2.536298e+01	2.134933e-01	-4.996479e-05
1	2	2.545099e+01	2.114868e-01	-4.996455e-05
1	2	2.553958e+01	2.095833e-01	-4.996419e-05
1	2	2.562727e+01	2.077217e-01	-4.996431e-05
1	2	2.571504e+01	2.057838e-01	-4.996490e-05
1	2	2.580370e+01	2.039108e-01	-4.996586e-05
1	2	2.589163e+01	2.018356e-01	-4.996526e-05
1	2	2.597986e+01	2.000237e-01	-4.996765e-05
1	2	2.606752e+01	1.980896e-01	-4.996490e-05
1	2	2.615536e+01	1.962738e-01	-4.996514e-05
1	2	2.624336e+01	1.944427e-01	-4.996324e-05
1	2	2.633145e+01	1.924133e-01	-4.996347e-05
1	2	2.641929e+01	1.905594e-01	-4.996836e-05
1	2	2.650720e+01	1.886673e-01	-4.996502e-05
1	2	2.659522e+01	1.867752e-01	-4.996121e-05
1	2	2.668346e+01	1.848602e-01	-4.996395e-05
1	2	2.677180e+01	1.829758e-01	-4.996359e-05
1	2	2.685986e+01	1.809502e-01	-4.996240e-05
1	2	2.694746e+01	1.790848e-01	-4.996383e-05
1	2	2.703552e+01	1.772728e-01	-4.996216e-05
1	2	2.712323e+01	1.753159e-01	-4.996288e-05
1	2	2.721121e+01	1.733475e-01	-4.996490e-05
1	2	2.729924e+01	1.716156e-01	-4.996276e-05
1	2	2.738741e+01	1.696815e-01	-4.996610e-05
1	2	2.747533e+01	1.677513e-01	-4.996443e-05
1	2	2.756365e+01	1.658173e-01	-4.996419e-05
1	2	2.765165e+01	1.639366e-01	-4.996622e-05
1	2	2.773924e+01	1.619797e-01	-4.996443e-05
1	2	2.782722e+01	1.601067e-01	-4.996312e-05
1	2	2.791551e+01	1.581955e-01	-4.996300e-05
1	2	2.800354e+01	1.564217e-01	-4.996490e-05
1	2	2.809091e+01	1.544418e-01	-4.996741e-05
1	2	2.817906e+01	1.525307e-01	-4.996538e-05
1	2	2.826767e+01	1.506805e-01	-4.996288e-05
1	2	2.835534e+01	1.487885e-01	-4.996312e-05
1	2	2.844341e+01	1.469574e-01	-4.996681e-05
1	2	2.853179e+01	1.450348e-01	-4.996336e-05
1	2	2.861966e+01	1.430626e-01	-4.996705e-05
1	2	2.870759e+01	1.410828e-01	-4.996514e-05
1	2	2.879521e+01	1.392670e-01	-4.996467e-05
1	2	2.888345e+01	1.374435e-01	-4.996455e-05
1	2	2.897114e+01	1.355972e-01	-4.996359e-05
1	2	2.905946e+01	1.337242e-01	-4.996526e-05
1	2	2.914757e+01	1.318474e-01	-4.996479e-05
1	2	2.923554e+01	1.298714e-01	-4.996300e-05
1	2	2.932344e+01	1.280556e-01	-4.996550e-05
1	2	2.941114e+01	1.261177e-01	-4.996455e-05
1	2	2.949900e+01	1.242294e-01	-4.996562e-05
1	2	2.958793e+01	1.223183e-01	-4.996395e-05
1	2	2.967532e+01	1.204338e-01	-4.996264e-05
1	2	2.976319e+01	1.185417e-01	-4.996526e-05
1	2	2.985154e+01	1.166878e-01	-4.996443e-05
1	2	2.993908e+01	1.148491e-01	-4.996645e-05
1	2	3.002761e+01	1.129150e-01	-4.996550e-05
1	2	3.011504e+01	1.110992e-01	-4.996538e-05
1	2	3.020371e+01	1.091614e-01	-4.996514e-05
1	2	3.029181e+01	1.072083e-01	-4.996502e-05
1	2	3.037962e+01	1.052666e-01	-4.996157e-05
1	2	3.046756e+01	1.035118e-01	-4.996622e-05
1	2	3.055573e+01	1.015816e-01	-4.996324e-05
1	2	3.064359e+01	9.960938e-02	-4.996169e-05
1	2	3.073120e+01	9.778595e-02	-4.996359e-05
1	2	3.081889e+01	9.592056e-02	-4.996336e-05
1	2	3.090753e+01	9.399033e-02	-4.996467e-05
1	2	3.099531e+01	9.210587e-02	-4.996157e-05
1	2	3.108335e+01	9.028625e-02	-4.996169e-05
1	2	3.117180e+01	8.846664e-02	-4.996467e-05
1	2	3.125911e+01	8.647537e-02	-4.996276e-05
1	2	3.134715e+01	8.466339e-02	-4.996443e-05
1	2	3.143582e+01	8.270645e-02	-4.996395e-05
1	2	3.152360e+01	8.081436e-02	-4.996586e-05
1	2	3.161152e+01	7.904816e-02	-4.996288e-05
1	2	3.169957e+01	7.712173e-02	-4.996455e-05
1	2	3.178780e+01	7.521820e-02	-4.996526e-05
1	2	3.187542e+01	7.323456e-02	-4.996431e-05
1	2	3.196350e+01	7.158661e-02	-4.996598e-05
1	2	3.205165e+01	6.951141e-02	-4.996324e-05
1	2	3.213901e+01	6.766891e-02	-4.996490e-05
1	2	3.222752e+01	6.582260e-02	-4.996479e-05
1	2	3.231561e+01	6.386185e-02	-4.996383e-05
1	2	3.240316e+01	6.200790e-02	-4.996681e-05
1	2	3.249159e+01	6.019592e-02	-4.996288e-05
1	2	3.257954e+01	5.829620e-02	-4.996574e-05
1	2	3.266743e+01	5.641937e-02	-4.996276e-05
1	2	3.275516e+01	5.457306e-02	-4.996574e-05
1	2	3.284326e+01	5.274200e-02	-4.996312e-05
1	2	3.293111e+01	5.078506e-02	-4.996455e-05
1	2	3.301979e+01	4.899597e-02	-4.996359e-05
1	2	3.310708e+01	4.698181e-02	-4.996276e-05
1	2	3.319563e+01	4.522705e-02	-4.996526e-05
1	2	3.328381e+01	4.330063e-02	-4.996097e-05
1	2	3.337130e+01	4.137802e-02	-4.996502e-05
1	2	3.345960e+01	3.942108e-02	-4.996252e-05
1	2	3.354768e+01	3.763199e-02	-4.996431e-05
1	2	3.363534e+01	3.585434e-02	-4.996371e-05
1	2	3.372366e+01	3.394699e-02	-4.996800e-05
1	2	3.381140e+01	3.210449e-02	-4.996502e-05
1	2	3.389903e+01	3.026581e-02	-4.996598e-05
1	2	3.398778e+01	2.824783e-02	-4.996300e-05
1	2	3.407518e+01	2.642822e-02	-4.996860e-05
1	2	3.416306e+01	2.462006e-02	-4.996216e-05
1	2	3.425139e+01	2.265930e-02	-4.996765e-05
1	2	3.433909e+01	2.077484e-02	-4.996312e-05
1	2	3.442735e+01	1.899719e-02	-4.996395e-05
1	2	3.451575e+01	1.703644e-02	-4.996395e-05
1	2	3.460324e+01	1.519394e-02	-4.996431e-05
1	2	3.469168e+01	1.334000e-02	-4.996538e-05
1	2	3.477979e+01	1.150894e-02	-4.996204e-05
1	2	3.486787e+01	9.510040e-03	-4.996276e-05
1	2	3.495576e+01	7.675171e-03	-4.996574e-05
1	2	3.504315e+01	5.786896e-03	-4.996407e-05
1	2	3.513138e+01	4.024506e-03	-4.996002e-05
1	2	3.521889e+01	2.109528e-03	-4.996264e-05
1	2	3.530755e+01	2.937317e-04	-4.996550e-05
1	2	3.539514e+01	-1.651764e-03	-4.996276e-05
2	3	3.548302e+01	7.827759e-03	4.265487e-05
2	3	3.557152e+01	1.071548e-02	5.001569e-05
2	3	3.565944e+01	1.283646e-02	5.001497e-05
2	3	3.574783e+01	1.488113e-02	5.001497e-05
2	3	3.583497e+01	1.688004e-02	5.001509e-05
2	3	3.592305e+01	1.903915e-02	5.001426e-05
2	3	3.601178e+01	2.096558e-02	5.001605e-05
2	3	3.609900e+01	2.312088e-02	5.001295e-05
2	3	3.618786e+01	2.510071e-02	5.001795e-05
2	3	3.627530e+01	2.710724e-02	5.001318e-05
2	3	3.636341e+01	2.918625e-02	5.001450e-05
2	3	3.645132e+01	3.113556e-02	5.001521e-05
2	3	3.653957e+01	3.301239e-02	5.001175e-05
2	3	3.662788e+01	3.511047e-02	5.001569e-05
2	3	3.671570e+01	3.708649e-02	5.001318e-05
2	3	3.680311e+01	3.897476e-02	5.001795e-05
2	3	3.689152e+01	4.093170e-02	5.001354e-05
2	3	3.697933e+01	4.312515e-02	5.001545e-05
2	3	3.706696e+01	4.499817e-02	5.001402e-05
2	3	3.715541e+01	4.687881e-02	5.001378e-05
2	3	3.724389e+01	4.892731e-02	5.001438e-05
2	3	3.733179e+01	5.084991e-02	5.001163e-05
2	3	3.741994e+01	5.287933e-02	5.001605e-05
2	3	3.750717e+01	5.484009e-02	5.001593e-05
2	3	3.759589e+01	5.672073e-02	5.001640e-05
2	3	3.768286e+01	5.862427e-02	5.001521e-05
2	3	3.777164e+01	6.066895e-02	5.001545e-05
2	3	3.785915e+01	6.256485e-02	5.001187e-05
2	3	3.794723e+01	6.447220e-02	5.001342e-05
2	3	3.803588e+01	6.643295e-02	5.001354e-05
2	3	3.812326e+01	6.847000e-02	5.001330e-05
2	3	3.821169e+01	7.036209e-02	5.001557e-05
2	3	3.829968e+01	7.223892e-02	5.001318e-05
2	3	3.838710e+01	7.425308e-02	5.001807e-05
2	3	3.847542e+01	7.624435e-02	5.001485e-05
2	3	3.856296e+01	7.810593e-02	5.001688e-05
2	3	3.865113e+01	7.999420e-02	5.001497e-05
2	3	3.873935e+01	8.201981e-02	5.001593e-05
2	3	3.882754e+01	8.391571e-02	5.001688e-05
2	3	3.891568e+01	8.568573e-02	5.001223e-05
2	3	3.900357e+01	8.775330e-02	5.001509e-05
2	3	3.909166e+01	8.952713e-02	5.001497e-05
2	3	3.917981e+01	9.159470e-02	5.001497e-05
2	3	3.926737e+01	9.344101e-02	5.001235e-05
2	3	3.935502e+01	9.535599e-02	5.001593e-05
2	3	3.944322e+01	9.735489e-02	5.001545e-05
2	3	3.953180e+01	9.927368e-02	5.001712e-05
2	3	3.961920e+01	1.011848e-01	5.001509e-05
2	3	3.970739e+01	1.031303e-01	5.001056e-05
2	3	3.979551e+01	1.050644e-01	5.001426e-05
2	3	3.988301e+01	1.069412e-01	5.001509e-05
2	3	3.997115e+01	1.088715e-01	5.001330e-05
2	3	4.005938e+01	1.107216e-01	5.001259e-05
2	3	4.014779e+01	1.126328e-01	5.001450e-05
2	3	4.023509e+01	1.145821e-01	5.001497e-05
2	3	4.032313e+01	1.164856e-01	5.001426e-05
2	3	4.041102e+01	1.184502e-01	5.001450e-05
2	3	4.049936e+01	1.203003e-01	5.001068e-05
2	3	4.058762e+01	1.221886e-01	5.001295e-05
2	3	4.067587e+01	1.242142e-01	5.001175e-05
2	3	4.076343e+01	1.259689e-01	5.001259e-05
2	3	4.085176e+01	1.279678e-01	5.001426e-05
2	3	4.093947e+01	1.298752e-01	5.001259e-05
2	3	4.102715e+01	1.317749e-01	5.001378e-05
2	3	4.111509e+01	1.334763e-01	5.001473e-05
2	3	4.120304e+01	1.354904e-01	5.001533e-05
2	3	4.129189e+01	1.374397e-01	5.001545e-05
2	3	4.137918e+01	1.393700e-01	5.001366e-05
2	3	4.146689e+01	1.413460e-01	5.001307e-05
2	3	4.155557e+01	1.431541e-01	5.001426e-05
2	3	4.164323e+01	1.451073e-01	5.001366e-05
2	3	4.173177e+01	1.470261e-01	5.001748e-05
2	3	4.181912e+01	1.487732e-01	5.001473e-05
2	3	4.190786e+01	1.506958e-01	5.001426e-05
2	3	4.199522e+01	1.525955e-01	5.001390e-05
2	3	4.208333e+01	1.544189e-01	5.001450e-05
2	3	4.217143e+01	1.563644e-01	5.001259e-05
2	3	4.225980e+01	1.583481e-01	5.001330e-05
2	3	4.234793e+01	1.601868e-01	5.001390e-05
2	3	4.243506e+01	1.620636e-01	5.001402e-05
2	3	4.252359e+01	1.639862e-01	5.001462e-05
2	3	4.261167e+01	1.659584e-01	5.001378e-05
2	3	4.269987e+01	1.677399e-01	5.001068e-05
2	3	4.278696e+01	1.696892e-01	5.001605e-05
2	3	4.287508e+01	1.716728e-01	5.001390e-05
2	3	4.296347e+01	1.734047e-01	5.001175e-05
2	3	4.305179e+01	1.753998e-01	5.001354e-05
2	3	4.313908e+01	1.772461e-01	5.001366e-05
2	3	4.322768e+01	1.791229e-01	5.001688e-05
2	3	4.331509e+01	1.810722e-01	5.001736e-05
2	3	4.340343e+01	1.828384e-01	5.001473e-05
2	3	4.349112e+01	1.847725e-01	5.001473e-05
2	3	4.357907e+01	1.866913e-01	5.001223e-05
2	3	4.366721e+01	1.886177e-01	5.001688e-05
2	3	4.375497e+01	1.904678e-01	5.001402e-05
2	3	4.384325e+01	1.923561e-01	5.001438e-05
2	3	4.393149e+01	1.942978e-01	5.001342e-05
2	3	4.401910e+01	1.960945e-01	5.001748e-05
2	3	4.410786e+01	1.979866e-01	5.001628e-05
2	3	4.419558e+01	1.998901e-01	5.001283e-05
2	3	4.428326e+01	2.017593e-01	5.001092e-05
2	3	4.437184e+01	2.035561e-01	5.001426e-05
2	3	4.445902e+01	2.055550e-01	5.001390e-05
2	3	4.454793e+01	2.074394e-01	5.001378e-05
2	3	4.463579e+01	2.093353e-01	5.001438e-05
2	3	4.472348e+01	2.112846e-01	5.001318e-05
2	3	4.481100e+01	2.131310e-01	5.001462e-05
2	3	4.489970e+01	2.149315e-01	5.001318e-05
2	3	4.498765e+01	2.168617e-01	5.001807e-05
2	3	4.507540e+01	2.187271e-01	5.001247e-05
2	3	4.516310e+01	2.205200e-01	5.001533e-05
2	3	4.525158e+01	2.225380e-01	5.001485e-05
2	3	4.533956e+01	2.243958e-01	5.001462e-05
2	3	4.542720e+01	2.262306e-01	5.001485e-05
2	3	4.551510e+01	2.281418e-01	5.001569e-05
2	3	4.560349e+01	2.299957e-01	5.001497e-05
2	3	4.569192e+01	2.319107e-01	5.001211e-05
2	3	4.577927e+01	2.337723e-01	5.001462e-05
2	3	4.586737e+01	2.355995e-01	5.001497e-05
2	3	4.595505e+01	2.376518e-01	5.001378e-05
2	3	4.604381e+01	2.393761e-01	5.001724e-05
2	3	4.613192e+01	2.412033e-01	5.001593e-05
2	3	4.621919e+01	2.431488e-01	5.001426e-05
2	3	4.630740e+01	2.450714e-01	5.001378e-05
2	3	4.639511e+01	2.468948e-01	5.001175e-05
2	3	4.648303e+01	2.487144e-01	5.001426e-05
2	3	4.657133e+01	2.506447e-01	5.001402e-05
2	3	4.665925e+01	2.525330e-01	5.001533e-05
2	3	4.674780e+01	2.543411e-01	5.001187e-05
2	3	4.683548e+01	2.563286e-01	5.001295e-05
2	3	4.692353e+01	2.581825e-01	5.001128e-05
2	3	4.701146e+01	2.601624e-01	5.001426e-05
2	3	4.709977e+01	2.619209e-01	5.001366e-05
2	3	4.718715e+01	2.638130e-01	5.001402e-05
2	3	4.727533e+01	2.656097e-01	5.001450e-05
2	3	4.736312e+01	2.674561e-01	5.001032e-05
2	3	4.745099e+01	2.694359e-01	5.001354e-05
2	3	4.753986e+01	2.712669e-01	5.001354e-05
2	3	4.762780e+01	2.730827e-01	5.001295e-05
2	3	4.771514e+01	2.750092e-01	5.001366e-05
2	3	4.780320e+01	2.768440e-01	5.001330e-05
2	3	4.789118e+01	2.785988e-01	5.001414e-05
2	3	4.797992e+01	2.806625e-01	5.001402e-05
2	3	4.806699e+01	2.824554e-01	5.001509e-05
2	3	4.815593e+01	2.843742e-01	5.001616e-05
2	3	4.824318e+01	2.862320e-01	5.001569e-05
2	3	4.833177e+01	2.880135e-01	5.001700e-05
2	3	4.841953e+01	2.898026e-01	5.001307e-05
2	3	4.850749e+01	2.918053e-01	5.001307e-05
2	3	4.859539e+01	2.935944e-01	5.001450e-05
2	3	4.868364e+01	2.955246e-01	5.001235e-05
2	3	4.877121e+01	2.973938e-01	5.001414e-05
2	3	4.885906e+01	2.992630e-01	5.001295e-05
2	3	4.894776e+01	3.011055e-01	5.001378e-05
2	3	4.903588e+01	3.029404e-01	5.001533e-05
2	3	4.912299e+01	3.048058e-01	5.001605e-05
2	3	4.921127e+01	3.067017e-01	5.001426e-05
2	3	4.929980e+01	3.085327e-01	5.001330e-05
2	3	4.938746e+01	3.104248e-01	5.001819e-05
2	3	4.947531e+01	3.123894e-01	5.001307e-05
2	3	4.956326e+01	3.141289e-01	5.001330e-05
2	3	4.965167e+01	3.160286e-01	5.001187e-05
2	3	4.973940e+01	3.179054e-01	5.001557e-05
2	3	4.982747e+01	3.197289e-01	5.001545e-05
2	3	4.991588e+01	3.216782e-01	5.001438e-05
2	3	5.000306e+01	3.235245e-01	5.001521e-05
2	3	5.009161e+01	3.252640e-01	5.001307e-05
2	3	5.017944e+01	3.271675e-01	5.001652e-05
2	3	5.026704e+01	3.290634e-01	5.001414e-05
2	3	5.035566e+01	3.308411e-01	5.001307e-05
2	3	5.044329e+01	3.327713e-01	5.001581e-05
2	3	5.053164e+01	3.346443e-01	5.001402e-05
2	3	5.061983e+01	3.364410e-01	5.001414e-05
2	3	5.070790e+01	3.382988e-01	5.001485e-05
2	3	5.079565e+01	3.401222e-01	5.001545e-05
2	3	5.088332e+01	3.421783e-01	5.001509e-05
2	3	5.097094e+01	3.439598e-01	5.001521e-05
2	3	5.105903e+01	3.458176e-01	5.001307e-05
2	3	5.114777e+01	3.476639e-01	5.001330e-05
2	3	5.123586e+01	3.496895e-01	5.001628e-05
2	3	5.132382e+01	3.513565e-01	5.001318e-05
2	3	5.141159e+01	3.532143e-01	5.001616e-05
2	3	5.149923e+01	3.551598e-01	5.001128e-05
2	3	5.158756e+01	3.568497e-01	5.001354e-05
2	3	5.167551e+01	3.588371e-01	5.001628e-05
2	3	5.176330e+01	3.606796e-01	5.001450e-05
2	3	5.185153e+01	3.625603e-01	5.001402e-05
2	3	5.193981e+01	3.643417e-01	5.001593e-05
2	3	5.202708e+01	3.663673e-01	5.001450e-05
2	3	5.211557e+01	3.680038e-01	5.001402e-05
2	3	5.220310e+01	3.699379e-01	5.001557e-05
2	3	5.229141e+01	3.717766e-01	5.001509e-05
2	3	5.237956e+01	3.735962e-01	5.001271e-05
2	3	5.246771e+01	3.755531e-01	5.001318e-05
2	3	5.255562e+01	3.773918e-01	5.001283e-05
2	3	5.264364e+01	3.792572e-01	5.001199e-05
2	3	5.273189e+01	3.811188e-01	5.001545e-05
2	3	5.281949e+01	3.829536e-01	5.001521e-05
2	3	5.290776e+01	3.847771e-01	5.001712e-05
2	3	5.299555e+01	3.867264e-01	5.001509e-05
2	3	5.308377e+01	3.885155e-01	5.001414e-05
2	3	5.317107e+01	3.903389e-01	5.001330e-05
2	3	5.325984e+01	3.922081e-01	5.001616e-05
2	3	5.334728e+01	3.940926e-01	5.001402e-05
2	3	5.343502e+01	3.958473e-01	5.001581e-05
2	3	5.352331e+01	3.976974e-01	5.001426e-05
2	3	5.361118e+01	3.995705e-01	5.001116e-05
2	3	5.369935e+01	4.014664e-01	5.001724e-05
2	4	5.378782e+01	3.923149e-01	-4.107141e-05
2	4	5.387541e+01	3.891869e-01	-4.996598e-05
2	4	5.396304e+01	3.870621e-01	-4.996300e-05
2	4	5.405150e+01	3.849640e-01	-4.996479e-05
2	4	5.413904e+01	3.827477e-01	-4.996467e-05
2	4	5.422730e+01	3.806877e-01	-4.996336e-05
2	4	5.431580e+01	3.786812e-01	-4.996347e-05
2	4	5.440339e+01	3.766518e-01	-4.996347e-05
2	4	5.449164e+01	3.745842e-01	-4.996669e-05
2	4	5.457981e+01	3.725243e-01	-4.996586e-05
2	4	5.466783e+01	3.705902e-01	-4.996395e-05
2	4	5.475548e+01	3.684959e-01	-4.996347e-05
2	4	5.484299e+01	3.665199e-01	-4.996204e-05
2	4	5.493160e+01	3.645134e-01	-4.996490e-05
2	4	5.501937e+01	3.625031e-01	-4.996479e-05
2	4	5.510739e+01	3.605652e-01	-4.996252e-05
2	4	5.519548e+01	3.585243e-01	-4.996455e-05
2	4	5.528376e+01	3.565063e-01	-4.996526e-05
2	4	5.537150e+01	3.545227e-01	-4.996431e-05
2	4	5.545972e+01	3.526917e-01	-4.996729e-05
2	4	5.554728e+01	3.505898e-01	-4.996550e-05
2	4	5.563583e+01	3.486099e-01	-4.996479e-05
2	4	5.572361e+01	3.466682e-01	-4.996419e-05
2	4	5.581095e+01	3.447189e-01	-4.996109e-05
2	4	5.589934e+01	3.426895e-01	-4.996324e-05
2	4	5.598750e+01	3.406410e-01	-4.996681e-05
2	4	5.607556e+01	3.387222e-01	-4.996467e-05
2	4	5.616369e+01	3.368073e-01	-4.996562e-05
2	4	5.625172e+01	3.348007e-01	-4.996419e-05
2	4	5.633917e+01	3.328667e-01	-4.996514e-05
2	4	5.642717e+01	3.309555e-01	-4.996026e-05
2	4	5.651514e+01	3.289909e-01	-4.996598e-05
2	4	5.660314e+01	3.270760e-01	-4.996157e-05
2	4	5.669190e+01	3.250389e-01	-4.996479e-05
2	4	5.677900e+01	3.230782e-01	-4.996407e-05
2	4	5.686780e+01	3.211594e-01	-4.996717e-05
2	4	5.695590e+01	3.192406e-01	-4.996562e-05
2	4	5.704300e+01	3.173027e-01	-4.996622e-05
2	4	5.713127e+01	3.153687e-01	-4.996276e-05
2	4	5.721958e+01	3.133469e-01	-4.996228e-05
2	4	5.730773e+01	3.113670e-01	-4.996550e-05
2	4	5.739552e+01	3.094292e-01	-4.996240e-05
2	4	5.748372e+01	3.075485e-01	-4.996455e-05
2	4	5.757127e+01	3.055840e-01	-4.996157e-05
2	4	5.765944e+01	3.036690e-01	-4.996157e-05
2	4	5.774777e+01	3.017464e-01	-4.996431e-05
2	4	5.783583e+01	2.997284e-01	-4.996395e-05
2	4	5.792345e+01	2.978249e-01	-4.996490e-05
2	4	5.801156e+01	2.959671e-01	-4.996324e-05
2	4	5.809912e+01	2.940750e-01	-4.996407e-05
2	4	5.818767e+01	2.921219e-01	-4.996669e-05
2	4	5.827513e+01	2.901344e-01	-4.996431e-05
2	4	5.836362e+01	2.882423e-01	-4.996622e-05
2	4	5.845193e+01	2.862358e-01	-4.996645e-05
2	4	5.853922e+01	2.843781e-01	-4.996502e-05
2	4	5.862728e+01	2.822151e-01	-4.996741e-05
2	4	5.871559e+01	2.804947e-01	-4.996669e-05
2	4	5.880390e+01	2.785759e-01	-4.996347e-05
2	4	5.889102e+01	2.765999e-01	-4.996514e-05
2	4	5.897907e+01	2.747421e-01	-4.996216e-05
2	4	5.906795e+01	2.728539e-01	-4.996598e-05
2	4	5.915504e+01	2.708588e-01	-4.996490e-05
2	4	5.924325e+01	2.690086e-01	-4.996371e-05
2	4	5.933171e+01	2.669220e-01	-4.996443e-05
2	4	5.941929e+01	2.650642e-01	-4.996336e-05
2	4	5.950778e+01	2.631874e-01	-4.996359e-05
2	4	5.959522e+01	2.612267e-01	-4.996502e-05
2	4	5.968366e+01	2.593918e-01	-4.996479e-05
2	4	5.977194e+01	2.574654e-01	-4.996717e-05
2	4	5.985939e+01	2.555771e-01	-4.996490e-05
2	4	5.994716e+01	2.536316e-01	-4.996336e-05
2	4	6.003502e+01	2.516136e-01	-4.996467e-05
2	4	6.012395e+01	2.497635e-01	-4.996240e-05
2	4	6.021168e+01	2.478256e-01	-4.996693e-05
2	4	6.029968e+01	2.459183e-01	-4.996789e-05
2	4	6.038747e+01	2.440147e-01	-4.996681e-05
2	4	6.047544e+01	2.420692e-01	-4.996383e-05
2	4	6.056322e+01	2.401161e-01	-4.996514e-05
2	4	6.065144e+01	2.382660e-01	-4.996574e-05
2	4	6.073946e+01	2.363586e-01	-4.996288e-05
2	4	6.082788e+01	2.344284e-01	-4.996467e-05
2	4	6.091529e+01	2.326241e-01	-4.996622e-05
2	4	6.100315e+01	2.306557e-01	-4.996407e-05
2	4	6.109109e+01	2.286873e-01	-4.996383e-05
2	4	6.117931e+01	2.267494e-01	-4.996479e-05
2	4	6.126721e+01	2.247620e-01	-4.996288e-05
2	4	6.135557e+01	2.230988e-01	-4.996145e-05
2	4	6.144358e+01	2.211151e-01	-4.996312e-05
2	4	6.153167e+01	2.191887e-01	-4.996514e-05
2	4	6.161985e+01	2.173271e-01	-4.996598e-05
2	4	6.170734e+01	2.153664e-01	-4.996169e-05
2	4	6.179543e+01	2.134247e-01	-4.996097e-05
2	4	6.188321e+01	2.115021e-01	-4.996574e-05
2	4	6.197187e+01	2.096863e-01	-4.996645e-05
2	4	6.205903e+01	2.076988e-01	-4.996693e-05
2	4	6.214766e+01	2.058449e-01	-4.996741e-05
2	4	6.223543e+01	2.039452e-01	-4.996395e-05
2	4	6.232356e+01	2.019768e-01	-4.996443e-05
2	4	6.241146e+01	2.001839e-01	-4.996347e-05
2	4	6.249972e+01	1.982307e-01	-4.996502e-05
2	4	6.258717e+01	1.962662e-01	-4.996192e-05
2	4	6.267514e+01	1.944618e-01	-4.996586e-05
2	4	6.276378e+01	1.924973e-01	-4.996681e-05
2	4	6.285179e+01	1.906395e-01	-4.996657e-05
2	4	6.293888e+01	1.887932e-01	-4.996479e-05
2	4	6.302758e+01	1.868401e-01	-4.996455e-05
2	4	6.311505e+01	1.848946e-01	-4.996479e-05
2	4	6.320343e+01	1.830292e-01	-4.996467e-05
2	4	6.329102e+01	1.812401e-01	-4.996467e-05
2	4	6.337908e+01	1.793518e-01	-4.996419e-05
2	4	6.346791e+01	1.772270e-01	-4.996550e-05
2	4	6.355582e+01	1.755104e-01	-4.996383e-05
2	4	6.364365e+01	1.736107e-01	-4.996586e-05
2	4	6.373184e+01	1.716843e-01	-4.996657e-05
2	4	6.381943e+01	1.697350e-01	-4.996300e-05
2	4	6.390714e+01	1.678848e-01	-4.996467e-05
2	4	6.399555e+01	1.659546e-01	-4.996765e-05
2	4	6.408343e+01	1.641006e-01	-4.996777e-05
2	4	6.417165e+01	1.623077e-01	-4.996479e-05
2	4	6.425918e+01	1.603775e-01	-4.996431e-05
2	4	6.434791e+01	1.583748e-01	-4.996777e-05
2	4	6.443526e+01	1.565018e-01	-4.996359e-05
2	4	6.452339e+01	1.547203e-01	-4.996181e-05
2	4	6.461116e+01	1.526108e-01	-4.996502e-05
2	4	6.469899e+01	1.508522e-01	-4.996371e-05
2	4	6.478714e+01	1.490440e-01	-4.996407e-05
2	4	6.487503e+01	1.470757e-01	-4.996562e-05
2	4	6.496297e+01	1.450615e-01	-4.996502e-05
2	4	6.505191e+01	1.433601e-01	-4.996431e-05
2	4	6.513987e+01	1.413994e-01	-4.996252e-05
2	4	6.522793e+01	1.394157e-01	-4.996383e-05
2	4	6.531496e+01	1.376152e-01	-4.996371e-05
2	4	6.540307e+01	1.357231e-01	-4.996479e-05
2	4	6.549179e+01	1.339188e-01	-4.996359e-05
2	4	6.557985e+01	1.320801e-01	-4.996324e-05
2	4	6.566784e+01	1.301231e-01	-4.996443e-05
2	4	6.575512e+01	1.281509e-01	-4.996753e-05
2	4	6.584303e+01	1.263428e-01	-4.996443e-05
2	4	6.593159e+01	1.244545e-01	-4.996371e-05
2	4	6.601921e+01	1.225319e-01	-4.996347e-05
2	4	6.610740e+01	1.206512e-01	-4.996109e-05
2	4	6.619505e+01	1.187782e-01	-4.996514e-05
2	4	6.628332e+01	1.169357e-01	-4.996359e-05
2	4	6.637166e+01	1.149597e-01	-4.996586e-05
2	4	6.645920e+01	1.130867e-01	-4.996419e-05
2	4	6.654700e+01	1.113358e-01	-4.996574e-05
2	4	6.663580e+01	1.093597e-01	-4.996479e-05
2	4	6.672340e+01	1.074944e-01	-4.996216e-05
2	4	6.681117e+01	1.056023e-01	-4.996526e-05
2	4	6.689896e+01	1.038475e-01	-4.996359e-05
2	4	6.698753e+01	1.019249e-01	-4.996240e-05
2	4	6.707586e+01	9.986877e-02	-4.996371e-05
2	4	6.716301e+01	9.807587e-02	-4.996634e-05
2	4	6.725176e+01	9.622192e-02	-4.996538e-05
2	4	6.733909e+01	9.423447e-02	-4.996395e-05
2	4	6.742780e+01	9.237289e-02	-4.996514e-05
2	4	6.751556e+01	9.056091e-02	-4.996383e-05
2	4	6.760345e+01	8.870316e-02	-4.996181e-05
2	4	6.769171e+01	8.679199e-02	-4.996276e-05
2	4	6.777982e+01	8.496475e-02	-4.996502e-05
2	4	6.786749e+01	8.297729e-02	-4.996538e-05
2	4	6.795547e+01	8.119202e-02	-4.996669e-05
2	4	6.804370e+01	7.923126e-02	-4.996455e-05
2	4	6.813140e+01	7.732773e-02	-4.996777e-05
2	4	6.821948e+01	7.555771e-02	-4.996347e-05
2	4	6.830749e+01	7.357407e-02	-4.996431e-05
2	4	6.839589e+01	7.176590e-02	-4.996264e-05
2	4	6.848342e+01	6.983566e-02	-4.996717e-05
2	4	6.857107e+01	6.796265e-02	-4.996419e-05
2	4	6.865937e+01	6.618881e-02	-4.996395e-05
2	4	6.874738e+01	6.422043e-02	-4.996705e-05
2	4	6.883536e+01	6.234360e-02	-4.996300e-05
2	4	6.892325e+01	6.042099e-02	-4.996395e-05
2	4	6.901109e+01	5.857849e-02	-4.996419e-05
2	4	6.909919e+01	5.672836e-02	-4.996395e-05
2	4	6.918691e+01	5.495834e-02	-4.996741e-05
2	4	6.927570e+01	5.301666e-02	-4.996610e-05
2	4	6.936360e+01	5.108261e-02	-4.996395e-05
2	4	6.945179e+01	4.922485e-02	-4.996336e-05
2	4	6.953931e+01	4.743576e-02	-4.996371e-05
2	4	6.962712e+01	4.543686e-02	-4.996395e-05
2	4	6.971544e+01	4.361343e-02	-4.996610e-05
2	4	6.980296e+01	4.168701e-02	-4.996598e-05
2	4	6.989178e+01	3.990555e-02	-4.996598e-05
2	4	6.997932e+01	3.798294e-02	-4.996407e-05
2	4	7.006740e+01	3.596115e-02	-4.996479e-05
2	4	7.015573e+01	3.424072e-02	-4.996550e-05
2	4	7.024319e+01	3.233719e-02	-4.996383e-05
2	4	7.033155e+01	3.053284e-02	-4.996443e-05
2	4	7.041953e+01	2.872849e-02	-4.996538e-05
2	4	7.050776e+01	2.668381e-02	-4.996490e-05
2	4	7.059503e+01	2.489471e-02	-4.996252e-05
2	4	7.068307e+01	2.309799e-02	-4.996192e-05
2	4	7.077157e+01	2.110291e-02	-4.996371e-05
2	4	7.085915e+01	1.935959e-02	-4.996622e-05
2	4	7.094779e+01	1.746750e-02	-4.996490e-05
2	4	7.103578e+01	1.557541e-02	-4.996538e-05
2	4	7.112310e+01	1.370239e-02	-4.996467e-05
2	4	7.121111e+01	1.198196e-02	-4.996610e-05
2	4	7.129936e+01	9.983063e-03	-4.996252e-05
2	4	7.138765e+01	8.041382e-03	-4.996157e-05
2	4	7.147500e+01	6.233215e-03	-4.996526e-05
2	4	7.156319e+01	4.295349e-03	-4.996407e-05
2	4	7.165103e+01	2.483368e-03	-4.996443e-05
2	4	7.173949e+01	6.141663e-04	-4.996240e-05
2	4	7.182769e+01	-1.270294e-03	-4.996371e-05
3	5	7.191567e+01	7.995605e-03	4.194915e-05
3	5	7.200388e+01	1.106262e-02	5.001199e-05
3	5	7.209161e+01	1.325989e-02	5.001187e-05
3	5	7.217910e+01	1.530075e-02	5.001521e-05
3	5	7.226743e+01	1.736069e-02	5.001354e-05
3	5	7.235592e+01	1.931000e-02	5.001521e-05
3	5	7.244367e+01	2.141571e-02	5.001509e-05
3	5	7.253134e+01	2.343750e-02	5.001426e-05
3	5	7.261910e+01	2.559280e-02	5.001390e-05
3	5	7.270750e+01	2.736282e-02	5.001402e-05
3	5	7.279515e+01	2.955627e-02	5.001330e-05
3	5	7.288385e+01	3.141022e-02	5.001462e-05
3	5	7.297097e+01	3.338242e-02	5.001390e-05
3	5	7.305938e+01	3.545761e-02	5.001223e-05
3	5	7.314737e+01	3.745651e-02	5.001426e-05
3	5	7.323561e+01	3.933716e-02	5.001557e-05
3	5	7.332381e+01	4.137039e-02	5.001402e-05
3	5	7.341189e+01	4.331207e-02	5.001187e-05
3	5	7.349928e+01	4.540253e-02	5.001545e-05
3	5	7.358745e+01	4.731369e-02	5.001330e-05
3	5	7.367525e+01	4.928589e-02	5.001330e-05
3	5	7.376337e+01	5.115128e-02	5.001366e-05
3	5	7.385125e+01	5.315018e-02	5.001247e-05
3	5	7.393942e+01	5.523300e-02	5.001843e-05
3	5	7.402765e+01	5.713272e-02	5.001307e-05
3	5	7.411564e+01	5.899429e-02	5.001616e-05
3	5	7.420362e+01	6.105042e-02	5.001378e-05
3	5	7.429141e+01	6.295013e-02	5.001414e-05
3	5	7.437909e+01	6.491470e-02	5.001450e-05
3	5	7.446763e+01	6.680298e-02	5.001342e-05
3	5	7.455535e+01	6.878281e-02	5.001354e-05
3	5	7.464368e+01	7.060242e-02	5.001223e-05
3	5	7.473185e+01	7.261658e-02	5.001438e-05
3	5	7.481925e+01	7.465744e-02	5.001485e-05
3	5	7.490789e+01	7.654190e-02	5.001676e-05
3	5	7.499545e+01	7.853699e-02	5.001533e-05
3	5	7.508362e+01	8.031082e-02	5.001509e-05
3	5	7.517115e+01	8.231354e-02	5.001390e-05
3	5	7.525914e+01	8.423615e-02	5.001473e-05
3	5	7.534777e+01	8.618546e-02	5.001676e-05
3	5	7.543531e+01	8.817673e-02	5.001473e-05
3	5	7.552318e+01	8.995819e-02	5.001390e-05
3	5	7.561167e+01	9.192276e-02	5.001521e-05
3	5	7.569921e+01	9.384918e-02	5.001163e-05
3	5	7.578697e+01	9.585190e-02	5.001724e-05
3	5	7.587517e+01	9.777069e-02	5.001509e-05
3	5	7.596299e+01	9.952164e-02	5.001366e-05
3	5	7.605193e+01	1.014404e-01	5.001378e-05
3	5	7.613908e+01	1.034279e-01	5.001450e-05
3	5	7.622760e+01	1.054688e-01	5.001533e-05
3	5	7.631511e+01	1.072617e-01	5.001414e-05
3	5	7.640323e+01	1.092491e-01	5.001616e-05
3	5	7.649105e+01	1.112595e-01	5.001318e-05
3	5	7.657957e+01	1.129036e-01	5.001295e-05
3	5	7.666772e+01	1.148796e-01	5.001640e-05
3	5	7.675500e+01	1.169930e-01	5.001259e-05
3	5	7.684343e+01	1.189079e-01	5.001581e-05
3	5	7.693162e+01	1.205864e-01	5.001509e-05
3	5	7.701982e+01	1.225853e-01	5.001473e-05
3	5	7.710752e+01	1.244926e-01	5.001557e-05
3	5	7.719586e+01	1.263733e-01	5.001259e-05
3	5	7.728359e+01	1.283112e-01	5.001235e-05
3	5	7.737149e+01	1.302490e-01	5.001450e-05
3	5	7.745923e+01	1.320724e-01	5.001390e-05
3	5	7.754752e+01	1.340599e-01	5.001485e-05
3	5	7.763518e+01	1.359673e-01	5.001223e-05
3	5	7.772365e+01	1.378479e-01	5.001390e-05
3	5	7.781189e+01	1.398010e-01	5.001378e-05
3	5	7.789967e+01	1.416817e-01	5.001354e-05
3	5	7.798728e+01	1.435013e-01	5.001402e-05
3	5	7.807591e+01	1.455383e-01	5.001593e-05
3	5	7.816376e+01	1.473732e-01	5.001497e-05
3	5	7.825156e+01	1.492500e-01	5.001569e-05
3	5	7.833958e+01	1.511993e-01	5.001402e-05
3	5	7.842737e+01	1.531410e-01	5.001354e-05
3	5	7.851546e+01	1.549606e-01	5.001128e-05
3	5	7.860298e+01	1.568413e-01	5.001700e-05
3	5	7.869105e+01	1.587906e-01	5.001485e-05
3	5	7.877920e+01	1.606750e-01	5.001318e-05
3	5	7.886716e+01	1.626663e-01	5.001521e-05
3	5	7.895517e+01	1.644630e-01	5.001223e-05
3	5	7.904358e+01	1.661911e-01	5.001104e-05
3	5	7.913154e+01	1.682739e-01	5.001485e-05
3	5	7.921930e+01	1.700554e-01	5.001140e-05
3	5	7.930687e+01	1.719551e-01	5.001438e-05
3	5	7.939519e+01	1.739235e-01	5.001283e-05
3	5	7.948379e+01	1.758347e-01	5.001295e-05
3	5	7.957110e+01	1.776619e-01	5.001497e-05
3	5	7.965923e+01	1.796265e-01	5.001414e-05
3	5	7.974792e+01	1.814194e-01	5.001330e-05
3	5	7.983530e+01	1.834183e-01	5.001616e-05
3	5	7.992319e+01	1.852531e-01	5.001199e-05
3	5	8.001128e+01	1.872444e-01	5.001581e-05
3	5	8.009900e+01	1.890984e-01	5.001402e-05
3	5	8.018763e+01	1.909637e-01	5.001295e-05
3	5	8.027580e+01	1.927452e-01	5.001724e-05
3	5	8.036332e+01	1.947174e-01	5.001259e-05
3	5	8.045126e+01	1.966553e-01	5.001462e-05
3	5	8.053979e+01	1.985016e-01	5.001688e-05
3	5	8.062780e+01	2.002411e-01	5.001688e-05
3	5	8.071500e+01	2.023048e-01	5.001402e-05
3	5	8.080297e+01	2.041473e-01	5.001462e-05
3	5	8.089152e+01	2.059555e-01	5.001414e-05
3	5	8.097931e+01	2.079964e-01	5.001497e-05
3	5	8.106724e+01	2.098045e-01	5.001521e-05
3	5	8.115525e+01	2.116852e-01	5.001235e-05
3	5	8.124353e+01	2.135124e-01	5.001569e-05
3	5	8.133158e+01	2.154694e-01	5.001330e-05
3	5	8.141920e+01	2.172356e-01	5.001521e-05
3	5	8.150749e+01	2.191200e-01	5.001509e-05
3	5	8.159579e+01	2.211456e-01	5.001438e-05
3	5	8.168353e+01	2.229805e-01	5.001402e-05
3	5	8.177111e+01	2.248840e-01	5.001450e-05
3	5	8.185981e+01	2.266960e-01	5.001438e-05
3	5	8.194699e+01	2.286263e-01	5.001402e-05
3	5	8.203559e+01	2.304955e-01	5.001521e-05
3	5	8.212360e+01	2.323990e-01	5.001366e-05
3	5	8.221191e+01	2.342720e-01	5.001640e-05
3	5	8.229928e+01	2.360764e-01	5.001724e-05
3	5	8.238744e+01	2.379761e-01	5.001330e-05
3	5	8.247515e+01	2.398872e-01	5.001545e-05
3	5	8.256298e+01	2.417564e-01	5.001533e-05
3	5	8.265141e+01	2.436295e-01	5.001497e-05
3	5	8.273979e+01	2.455330e-01	5.001748e-05
3	5	8.282701e+01	2.473259e-01	5.001557e-05
3	5	8.291552e+01	2.492599e-01	5.001545e-05
3	5	8.300303e+01	2.510071e-01	5.001521e-05
3	5	8.309099e+01	2.530289e-01	5.001545e-05
3	5	8.317947e+01	2.548828e-01	5.001450e-05
3	5	8.326773e+01	2.567635e-01	5.001307e-05
3	5	8.335583e+01	2.585793e-01	5.001366e-05
3	5	8.344329e+01	2.605400e-01	5.001628e-05
3	5	8.353116e+01	2.623253e-01	5.001521e-05
3	5	8.361957e+01	2.643204e-01	5.001616e-05
3	5	8.370739e+01	2.660866e-01	5.001700e-05
3	5	8.379516e+01	2.679520e-01	5.001223e-05
3	5	8.388348e+01	2.698135e-01	5.001593e-05
3	5	8.397150e+01	2.717285e-01	5.001175e-05
3	5	8.405969e+01	2.736473e-01	5.001485e-05
3	5	8.414752e+01	2.755356e-01	5.001259e-05
3	5	8.423548e+01	2.773666e-01	5.001163e-05
3	5	8.432394e+01	2.792664e-01	5.001366e-05
3	5	8.441153e+01	2.811775e-01	5.001557e-05
3	5	8.449960e+01	2.830544e-01	5.001652e-05
3	5	8.458783e+01	2.848740e-01	5.001271e-05
3	5	8.467511e+01	2.867203e-01	5.001545e-05
3	5	8.476336e+01	2.884865e-01	5.001295e-05
3	5	8.485107e+01	2.903748e-01	5.001354e-05
3	5	8.493949e+01	2.923851e-01	5.001378e-05
3	5	8.502718e+01	2.941208e-01	5.001342e-05
3	5	8.511502e+01	2.960320e-01	5.001509e-05
3	5	8.520300e+01	2.979279e-01	5.001664e-05
3	5	8.529147e+01	2.998314e-01	5.001485e-05
3	5	8.537965e+01	3.016052e-01	5.001295e-05
3	5	8.546771e+01	3.034897e-01	5.001247e-05
3	5	8.555499e+01	3.053703e-01	5.001330e-05
3	5	8.564383e+01	3.072433e-01	5.001426e-05
3	5	8.573103e+01	3.091965e-01	5.001354e-05
3	5	8.581896e+01	3.109970e-01	5.001473e-05
3	5	8.590728e+01	3.129120e-01	5.001438e-05
3	5	8.599527e+01	3.146553e-01	5.001199e-05
3	5	8.608377e+01	3.165817e-01	5.001307e-05
3	5	8.617138e+01	3.184204e-01	5.001378e-05
3	5	8.625901e+01	3.203316e-01	5.001354e-05
3	5	8.634761e+01	3.220749e-01	5.001628e-05
3	5	8.643537e+01	3.240547e-01	5.001473e-05
3	5	8.652360e+01	3.259125e-01	5.001545e-05
3	5	8.661183e+01	3.277359e-01	5.001378e-05
3	5	8.669911e+01	3.296738e-01	5.001533e-05
3	5	8.678707e+01	3.314743e-01	5.001402e-05
3	5	8.687549e+01	3.332977e-01	5.001199e-05
3	5	8.696375e+01	3.351974e-01	5.001450e-05
3	5	8.705146e+01	3.370209e-01	5.001462e-05
3	5	8.713943e+01	3.390083e-01	5.001259e-05
3	5	8.722702e+01	3.409119e-01	5.001390e-05
3	5	8.731517e+01	3.427353e-01	5.001366e-05
3	5	8.740375e+01	3.444138e-01	5.001426e-05
3	5	8.749121e+01	3.463249e-01	5.001295e-05
3	5	8.757958e+01	3.481560e-01	5.001462e-05
3	5	8.766778e+01	3.501396e-01	5.001259e-05
3	5	8.775509e+01	3.519554e-01	5.001259e-05
3	5	8.784378e+01	3.538094e-01	5.001318e-05
3	5	8.793181e+01	3.556061e-01	5.001390e-05
3	5	8.801966e+01	3.575554e-01	5.001438e-05
3	5	8.810764e+01	3.593407e-01	5.001640e-05
3	5	8.819548e+01	3.613472e-01	5.001140e-05
3	5	8.828384e+01	3.630447e-01	5.001402e-05
3	5	8.837094e+01	3.649979e-01	5.001330e-05
3	5	8.845960e+01	3.668213e-01	5.001473e-05
3	5	8.854765e+01	3.687172e-01	5.001438e-05
3	5	8.863540e+01	3.705139e-01	5.001605e-05
3	5	8.872343e+01	3.723297e-01	5.001426e-05
3	5	8.881160e+01	3.742523e-01	5.001140e-05
3	5	8.889951e+01	3.760529e-01	5.001462e-05
3	5	8.898701e+01	3.778687e-01	5.001652e-05
3	5	8.907499e+01	3.798103e-01	5.001378e-05
3	5	8.916303e+01	3.816147e-01	5.001199e-05
3	5	8.925144e+01	3.835869e-01	5.001545e-05
3	5	8.933994e+01	3.854332e-01	5.001581e-05
3	5	8.942778e+01	3.872070e-01	5.001569e-05
3	5	8.951523e+01	3.891144e-01	5.001330e-05
3	5	8.960337e+01	3.909454e-01	5.001152e-05
3	5	8.969188e+01	3.928337e-01	5.001485e-05
3	5	8.977925e+01	3.945122e-01	5.001390e-05
3	5	8.986777e+01	3.964348e-01	5.001223e-05
3	5	8.995538e+01	3.983154e-01	5.001247e-05
3	5	9.004321e+01	4.002075e-01	5.001473e-05
3	6	9.013112e+01	3.907318e-01	-4.380345e-05
3	6	9.021971e+01	3.878479e-01	-4.996359e-05
3	6	9.030764e+01	3.857384e-01	-4.996443e-05
3	6	9.039581e+01	3.834610e-01	-4.996657e-05
3	6	9.048364e+01	3.815498e-01	-4.996562e-05
3	6	9.057124e+01	3.794174e-01	-4.996347e-05
3	6	9.065958e+01	3.773880e-01	-4.996622e-05
3	6	9.074735e+01	3.752975e-01	-4.996216e-05
3	6	9.083515e+01	3.733444e-01	-4.996371e-05
3	6	9.092367e+01	3.712997e-01	-4.996538e-05
3	6	9.101139e+01	3.692017e-01	-4.996824e-05
3	6	9.109900e+01	3.671913e-01	-4.996288e-05
3	6	9.118760e+01	3.652649e-01	-4.996550e-05
3	6	9.127540e+01	3.632507e-01	-4.996693e-05
3	6	9.136321e+01	3.612289e-01	-4.996502e-05
3	6	9.145188e+01	3.592415e-01	-4.996514e-05
3	6	9.153922e+01	3.571548e-01	-4.996085e-05
3	6	9.162758e+01	3.551865e-01	-4.996455e-05
3	6	9.171504e+01	3.532295e-01	-4.996872e-05
3	6	9.180362e+01	3.512688e-01	-4.996240e-05
3	6	9.189099e+01	3.493652e-01	-4.996693e-05
3	6	9.197948e+01	3.473206e-01	-4.996514e-05
3	6	9.206743e+01	3.453560e-01	-4.996431e-05
3	6	9.215522e+01	3.434296e-01	-4.996109e-05
3	6	9.224359e+01	3.414001e-01	-4.996586e-05
3	6	9.233105e+01	3.394127e-01	-4.996538e-05
3	6	9.241939e+01	3.375130e-01	-4.996192e-05
3	6	9.250708e+01	3.355064e-01	-4.996240e-05
3	6	9.259566e+01	3.336487e-01	-4.996693e-05
3	6	9.268334e+01	3.315849e-01	-4.996336e-05
3	6	9.277156e+01	3.296394e-01	-4.996204e-05
3	6	9.285952e+01	3.276634e-01	-4.996514e-05
3	6	9.294793e+01	3.256226e-01	-4.996502e-05
3	6	9.303577e+01	3.237343e-01	-4.996562e-05
3	6	9.312380e+01	3.217964e-01	-4.996431e-05
3	6	9.321191e+01	3.199310e-01	-4.996610e-05
3	6	9.329908e+01	3.178864e-01	-4.996300e-05
3	6	9.338716e+01	3.158989e-01	-4.996347e-05
3	6	9.347497e+01	3.140793e-01	-4.996288e-05
3	6	9.356331e+01	3.120461e-01	-4.996610e-05
3	6	9.365177e+01	3.100395e-01	-4.996228e-05
3	6	9.373923e+01	3.083229e-01	-4.996467e-05
3	6	9.382750e+01	3.062744e-01	-4.996622e-05
3	6	9.391588e+01	3.043594e-01	-4.996598e-05
3	6	9.400395e+01	3.022919e-01	-4.996443e-05
3	6	9.409168e+01	3.004379e-01	-4.996192e-05
3	6	9.417917e+01	2.985802e-01	-4.996586e-05
3	6	9.426698e+01	2.966194e-01	-4.996443e-05
3	6	9.435544e+01	2.947464e-01	-4.996657e-05
3	6	9.444316e+01	2.927284e-01	-4.996324e-05
3	6	9.453098e+01	2.908211e-01	-4.996598e-05
3	6	9.461935e+01	2.889175e-01	-4.996419e-05
3	6	9.470781e+01	2.868576e-01	-4.996288e-05
3	6	9.479552e+01	2.850685e-01	-4.996514e-05
3	6	9.488304e+01	2.830505e-01	-4.996812e-05
3	6	9.497176e+01	2.812271e-01	-4.996574e-05
3	6	9.505897e+01	2.792130e-01	-4.996300e-05
3	6	9.514758e+01	2.773399e-01	-4.996526e-05
3	6	9.523584e+01	2.753830e-01	-4.996479e-05
3	6	9.532358e+01	2.734375e-01	-4.996622e-05
3	6	9.541102e+01	2.715607e-01	-4.996455e-05
3	6	9.549930e+01	2.695465e-01	-4.996645e-05
3	6	9.558780e+01	2.676086e-01	-4.996157e-05
3	6	9.567499e+01	2.658043e-01	-4.996443e-05
3	6	9.576360e+01	2.638817e-01	-4.996598e-05
3	6	9.585127e+01	2.619781e-01	-4.996789e-05
3	6	9.593988e+01	2.598953e-01	-4.996681e-05
3	6	9.602778e+01	2.580376e-01	-4.996574e-05
3	6	9.611504e+01	2.561569e-01	-4.996312e-05
3	6	9.620394e+01	2.543640e-01	-4.996300e-05
3	6	9.629185e+01	2.523270e-01	-4.996717e-05
3	6	9.637965e+01	2.503929e-01	-4.996574e-05
3	6	9.646696e+01	2.485275e-01	-4.996359e-05
3	6	9.655497e+01	2.465935e-01	-4.996169e-05
3	6	9.664380e+01	2.446632e-01	-4.996300e-05
3	6	9.673098e+01	2.427254e-01	-4.996324e-05
3	6	9.681981e+01	2.408905e-01	-4.996562e-05
3	6	9.690723e+01	2.389488e-01	-4.996383e-05
3	6	9.699561e+01	2.370491e-01	-4.996717e-05
3	6	9.708324e+01	2.350502e-01	-4.996431e-05
3	6	9.717132e+01	2.332535e-01	-4.996824e-05
3	6	9.725939e+01	2.312813e-01	-4.996157e-05
3	6	9.734769e+01	2.293320e-01	-4.996467e-05
3	6	9.743518e+01	2.274437e-01	-4.996622e-05
3	6	9.752381e+01	2.254906e-01	-4.996407e-05
3	6	9.761156e+01	2.236671e-01	-4.996717e-05
3	6	9.769961e+01	2.218208e-01	-4.996526e-05
3	6	9.778722e+01	2.198944e-01	-4.996419e-05
3	6	9.787536e+01	2.179794e-01	-4.996467e-05
3	6	9.796397e+01	2.160606e-01	-4.996192e-05
3	6	9.805164e+01	2.141228e-01	-4.996490e-05
3	6	9.813952e+01	2.122536e-01	-4.996407e-05
3	6	9.822747e+01	2.103462e-01	-4.996443e-05
3	6	9.831554e+01	2.083855e-01	-4.996407e-05
3	6	9.840362e+01	2.064819e-01	-4.996717e-05
3	6	9.849183e+01	2.046547e-01	-4.996514e-05
3	6	9.857982e+01	2.027588e-01	-4.996490e-05
3	6	9.866758e+01	2.007790e-01	-4.996312e-05
3	6	9.875590e+01	1.989861e-01	-4.996562e-05
3	6	9.884352e+01	1.969490e-01	-4.996479e-05
3	6	9.893115e+01	1.951065e-01	-4.996693e-05
3	6	9.901934e+01	1.931801e-01	-4.996228e-05
3	6	9.910740e+01	1.913109e-01	-4.996157e-05
3	6	9.919528e+01	1.893921e-01	-4.996502e-05
3	6	9.928350e+01	1.875763e-01	-4.996514e-05
3	6	9.937159e+01	1.856346e-01	-4.996574e-05
3	6	9.945919e+01	1.837196e-01	-4.996121e-05
3	6	9.954711e+01	1.818390e-01	-4.996431e-05
3	6	9.963589e+01	1.799660e-01	-4.996443e-05
3	6	9.972308e+01	1.780624e-01	-4.996371e-05
3	6	9.981142e+01	1.761246e-01	-4.995954e-05
3	6	9.989898e+01	1.743279e-01	-4.996443e-05
3	6	9.998724e+01	1.723480e-01	-4.996264e-05
3	6	1.000755e+02	1.704636e-01	-4.996550e-05
3	6	1.001633e+02	1.685295e-01	-4.995942e-05
3	6	1.002511e+02	1.666603e-01	-4.996526e-05
3	6	1.003398e+02	1.647491e-01	-4.996586e-05
3	6	1.004277e+02	1.629562e-01	-4.996562e-05
3	6	1.005150e+02	1.609955e-01	-4.996455e-05
3	6	1.006038e+02	1.590958e-01	-4.996550e-05
3	6	1.006910e+02	1.572952e-01	-4.996395e-05
3	6	1.007790e+02	1.553040e-01	-4.996264e-05
3	6	1.008678e+02	1.533928e-01	-4.996490e-05
3	6	1.009558e+02	1.515388e-01	-4.996216e-05
3	6	1.010435e+02	1.497231e-01	-4.996538e-05
3	6	1.011317e+02	1.477051e-01	-4.996693e-05
3	6	1.012196e+02	1.458054e-01	-4.996288e-05
3	6	1.013078e+02	1.440620e-01	-4.996538e-05
3	6	1.013958e+02	1.421394e-01	-4.996669e-05
3	6	1.014836e+02	1.401672e-01	-4.996431e-05
3	6	1.015718e+02	1.383286e-01	-4.996479e-05
3	6	1.016595e+02	1.364861e-01	-4.996538e-05
3	6	1.017477e+02	1.345673e-01	-4.996467e-05
3	6	1.018352e+02	1.326218e-01	-4.996407e-05
3	6	1.019236e+02	1.308517e-01	-4.996610e-05
3	6	1.020111e+02	1.288300e-01	-4.996324e-05
3	6	1.020994e+02	1.269379e-01	-4.996514e-05
3	6	1.021871e+02	1.251411e-01	-4.996371e-05
3	6	1.022752e+02	1.231651e-01	-4.996657e-05
3	6	1.023634e+02	1.212997e-01	-4.996479e-05
3	6	1.024515e+02	1.194572e-01	-4.996336e-05
3	6	1.025395e+02	1.176109e-01	-4.996824e-05
3	6	1.026275e+02	1.156197e-01	-4.996133e-05
3	6	1.027151e+02	1.138382e-01	-4.996622e-05
3	6	1.028036e+02	1.120338e-01	-4.996312e-05
3	6	1.028911e+02	1.101418e-01	-4.996431e-05
3	6	1.029793e+02	1.081123e-01	-4.996431e-05
3	6	1.030678e+02	1.062584e-01	-4.996586e-05
3	6	1.031553e+02	1.045265e-01	-4.996288e-05
3	6	1.032439e+02	1.025734e-01	-4.996586e-05
3	6	1.033313e+02	1.005821e-01	-4.996312e-05
3	6	1.034190e+02	9.875488e-02	-4.996312e-05
3	6	1.035072e+02	9.683990e-02	-4.996550e-05
3	6	1.035955e+02	9.500885e-02	-4.996514e-05
3	6	1.036833e+02	9.310913e-02	-4.996741e-05
3	6	1.037716e+02	9.122086e-02	-4.996395e-05
3	6	1.038593e+02	8.926773e-02	-4.996824e-05
3	6	1.039473e+02	8.751297e-02	-4.996943e-05
3	6	1.040357e+02	8.563995e-02	-4.996526e-05
3	6	1.041230e+02	8.385468e-02	-4.996586e-05
3	6	1.042111e+02	8.189011e-02	-4.996455e-05
3	6	1.042995e+02	7.997894e-02	-4.996490e-05
3	6	1.043871e+02	7.815170e-02	-4.996300e-05
3	6	1.044759e+02	7.624817e-02	-4.996669e-05
3	6	1.045637e+02	7.442474e-02	-4.996347e-05
3	6	1.046513e+02	7.255936e-02	-4.996371e-05
3	6	1.047394e+02	7.065582e-02	-4.996443e-05
3	6	1.048270e+02	6.869888e-02	-4.996550e-05
3	6	1.049158e+02	6.681824e-02	-4.996300e-05
3	6	1.050030e+02	6.492996e-02	-4.996562e-05
3	6	1.050913e+02	6.312180e-02	-4.996610e-05
3	6	1.051799e+02	6.120682e-02	-4.996479e-05
3	6	1.052677e+02	5.924988e-02	-4.996479e-05
3	6	1.053559e+02	5.752563e-02	-4.996240e-05
3	6	1.054436e+02	5.562592e-02	-4.996431e-05
3	6	1.055318e+02	5.374908e-02	-4.996419e-05
3	6	1.056192e+02	5.176544e-02	-4.996526e-05
3	6	1.057070e+02	5.000687e-02	-4.996419e-05
3	6	1.057957e+02	4.811859e-02	-4.996443e-05
3	6	1.058837e+02	4.622269e-02	-4.996240e-05
3	6	1.059720e+02	4.430389e-02	-4.996455e-05
3	6	1.060593e+02	4.248810e-02	-4.996276e-05
3	6	1.061475e+02	4.060364e-02	-4.996336e-05
3	6	1.062352e+02	3.875351e-02	-4.996634e-05
3	6	1.063236e+02	3.685760e-02	-4.996407e-05
3	6	1.064111e+02	3.501129e-02	-4.996455e-05
3	6	1.064996e+02	3.316498e-02	-4.996169e-05
3	6	1.065871e+02	3.114319e-02	-4.996574e-05
3	6	1.066754e+02	2.946091e-02	-4.996967e-05
3	6	1.067637e+02	2.748108e-02	-4.996347e-05
3	6	1.068510e+02	2.570343e-02	-4.996204e-05
3	6	1.069396e+02	2.373123e-02	-4.996502e-05
3	6	1.070279e+02	2.190018e-02	-4.996359e-05
3	6	1.071159e+02	2.006912e-02	-4.996359e-05
3	6	1.072033e+02	1.805115e-02	-4.996622e-05
3	6	1.072912e+02	1.628113e-02	-4.996586e-05
3	6	1.073798e+02	1.438904e-02	-4.996216e-05
3	6	1.074675e+02	1.256943e-02	-4.996181e-05
3	6	1.075557e+02	1.070404e-02	-4.996741e-05
3	6	1.076432e+02	8.773804e-03	-4.996324e-05
3	6	1.077316e+02	6.851196e-03	-4.996169e-05
3	6	1.078196e+02	5.073547e-03	-4.996455e-05
3	6	1.079074e+02	3.211975e-03	-4.996228e-05
3	6	1.079958e+02	1.281738e-03	-4.996550e-05
3	6	1.080839e+02	-5.149841e-04	-4.996657e-05
