Cycle number	Elapsed time (s)	Potential (V)	Current (A)
1	1.926188e-01	6.145477e-03	3.731501e-05
1	2.802890e-01	1.049805e-02	6.032419e-05
1	3.685648e-01	1.495743e-02	7.658672e-05
1	4.567706e-01	1.933670e-02	8.781207e-05
1	5.446865e-01	2.377319e-02	9.548271e-05
1	6.328234e-01	2.810287e-02	1.015142e-04
1	7.199195e-01	3.260803e-02	1.055495e-04
1	8.086806e-01	3.686142e-02	1.083111e-04
1	8.963829e-01	4.137421e-02	1.105798e-04
1	9.839921e-01	4.573441e-02	1.121724e-04
1	1.071865e+00	5.006027e-02	1.130301e-04
1	1.160151e+00	5.446243e-02	1.142756e-04
1	1.248187e+00	5.891800e-02	1.148672e-04
1	1.336648e+00	6.330490e-02	1.154274e-04
1	1.424513e+00	6.770325e-02	1.163332e-04
1	1.512072e+00	7.215118e-02	1.162091e-04
1	1.600051e+00	7.654953e-02	1.165650e-04
1	1.688715e+00	8.078384e-02	1.166003e-04
1	1.776346e+00	8.519363e-02	1.169806e-04
1	1.864366e+00	8.982468e-02	1.172884e-04
1	1.952593e+00	9.408188e-02	1.172324e-04
1	2.040632e+00	9.842682e-02	1.172587e-04
1	2.128816e+00	1.028137e-01	1.175958e-04
1	2.216414e+00	1.072655e-01	1.179813e-04
1	2.304420e+00	1.117630e-01	1.179056e-04
1	2.392295e+00	1.161118e-01	1.182463e-04
1	2.480343e+00	1.204910e-01	1.184655e-04
1	2.568303e+00	1.248627e-01	1.184298e-04
1	2.656572e+00	1.292839e-01	1.185685e-04
1	2.743902e+00	1.337166e-01	1.187645e-04
1	2.832206e+00	1.380234e-01	1.185951e-04
1	2.920718e+00	1.424255e-01	1.185721e-04
1	3.008204e+00	1.469955e-01	1.188604e-04
1	3.096137e+00	1.512108e-01	1.188475e-04
1	3.184096e+00	1.555634e-01	1.188585e-04
1	3.272555e+00	1.601372e-01	1.192997e-04
1	3.360604e+00	1.645050e-01	1.191294e-04
1	3.448290e+00	1.686974e-01	1.190697e-04
1	3.536143e+00	1.732559e-01	1.189648e-04
1	3.624549e+00	1.777344e-01	1.193125e-04
1	3.712318e+00	1.819611e-01	1.190917e-04
1	3.799951e+00	1.864128e-01	1.195129e-04
1	3.888814e+00	1.908340e-01	1.196402e-04
1	3.976104e+00	1.952744e-01	1.196992e-04
1	4.064084e+00	1.994514e-01	1.193399e-04
1	4.152637e+00	2.040482e-01	1.198218e-04
1	4.239901e+00	2.083092e-01	1.194735e-04
1	4.328805e+00	2.127113e-01	1.196550e-04
1	4.416429e+00	2.172852e-01	1.196823e-04
1	4.504244e+00	2.216759e-01	1.196884e-04
1	4.592834e+00	2.259865e-01	1.195718e-04
1	4.680048e+00	2.304993e-01	1.204476e-04
1	4.768297e+00	2.347641e-01	1.198690e-04
1	4.856321e+00	2.392235e-01	1.198597e-04
1	4.943899e+00	2.435913e-01	1.203573e-04
1	5.032361e+00	2.480812e-01	1.203125e-04
1	5.120108e+00	2.523994e-01	1.202298e-04
1	5.208326e+00	2.567635e-01	1.200197e-04
1	5.296337e+00	2.611580e-01	1.204523e-04
1	5.384636e+00	2.657013e-01	1.204673e-04
1	5.471971e+00	2.699776e-01	1.201246e-04
1	5.560724e+00	2.743759e-01	1.203195e-04
1	5.648549e+00	2.788162e-01	1.203355e-04
1	5.736397e+00	2.832642e-01	1.203848e-04
1	5.824578e+00	2.875481e-01	1.203237e-04
1	5.912097e+00	2.919998e-01	1.206245e-04
1	6.000134e+00	2.964020e-01	1.205257e-04
1	6.087978e+00	3.008575e-01	1.201587e-04
1	6.176449e+00	3.051872e-01	1.203532e-04
1	6.263935e+00	3.096542e-01	1.205521e-04
1	6.352839e+00	3.139381e-01	1.205915e-04
1	6.440606e+00	3.184319e-01	1.206192e-04
1	6.527871e+00	3.229561e-01	1.207935e-04
1	6.616165e+00	3.271294e-01	1.207668e-04
1	6.704556e+00	3.315735e-01	1.207730e-04
1	6.792549e+00	3.359985e-01	1.208730e-04
1	6.880834e+00	3.403931e-01	1.210904e-04
1	6.968049e+00	3.447418e-01	1.209080e-04
1	7.055900e+00	3.491173e-01	1.204021e-04
1	7.144753e+00	3.535957e-01	1.210191e-04
1	7.232698e+00	3.580093e-01	1.210335e-04
1	7.320602e+00	3.623695e-01	1.206750e-04
1	7.408542e+00	3.668365e-01	1.212012e-04
1	7.496087e+00	3.711967e-01	1.213683e-04
1	7.584295e+00	3.756027e-01	1.210964e-04
1	7.672051e+00	3.799820e-01	1.211864e-04
1	7.760514e+00	3.843918e-01	1.213727e-04
1	7.848637e+00	3.888702e-01	1.212280e-04
1	7.936697e+00	3.933372e-01	1.209159e-04
1	8.024470e+00	3.978271e-01	1.210709e-04
1	8.112393e+00	4.020615e-01	1.208951e-04
1	8.200351e+00	4.065094e-01	1.209621e-04
1	8.288140e+00	4.107742e-01	1.209788e-04
1	8.376823e+00	4.151726e-01	1.214228e-04
1	8.464524e+00	4.196930e-01	1.213285e-04
1	8.552031e+00	4.240379e-01	1.213113e-04
1	8.640561e+00	4.282494e-01	1.210753e-04
1	8.728212e+00	4.327583e-01	1.214105e-04
1	8.816262e+00	4.371643e-01	1.210341e-04
1	8.904226e+00	4.416046e-01	1.213523e-04
1	8.992263e+00	4.459038e-01	1.212755e-04
1	9.080030e+00	4.504013e-01	1.214392e-04
1	9.168192e+00	4.547157e-01	1.212858e-04
1	9.256060e+00	4.592209e-01	1.214969e-04
1	9.344271e+00	4.636078e-01	1.214991e-04
1	9.432400e+00	4.679489e-01	1.213611e-04
1	9.520064e+00	4.723167e-01	1.214352e-04
1	9.608180e+00	4.766388e-01	1.215898e-04
1	9.695932e+00	4.812164e-01	1.214631e-04
1	9.783964e+00	4.854736e-01	1.214198e-04
1	9.872114e+00	4.899254e-01	1.221001e-04
1	9.959941e+00	4.943542e-01	1.219726e-04
1	1.004806e+01	4.988136e-01	1.219223e-04
1	1.013621e+01	4.983788e-01	8.446014e-05
1	1.022462e+01	4.939423e-01	2.744949e-05
1	1.031247e+01	4.894218e-01	-1.225483e-05
1	1.040021e+01	4.850159e-01	-3.961456e-05
1	1.048799e+01	4.805756e-01	-5.860388e-05
1	1.057657e+01	4.760704e-01	-7.234585e-05
1	1.066392e+01	4.717560e-01	-8.181596e-05
1	1.075210e+01	4.672852e-01	-8.899331e-05
1	1.084071e+01	4.629478e-01	-9.404993e-05
1	1.092847e+01	4.584732e-01	-9.770834e-05
1	1.101659e+01	4.540443e-01	-1.002561e-04
1	1.110408e+01	4.499054e-01	-1.017720e-04
1	1.119269e+01	4.454308e-01	-1.036830e-04
1	1.128075e+01	4.409523e-01	-1.049247e-04
1	1.136863e+01	4.365845e-01	-1.059393e-04
1	1.145628e+01	4.322090e-01	-1.067104e-04
1	1.154400e+01	4.278069e-01	-1.070049e-04
1	1.163195e+01	4.234047e-01	-1.079245e-04
1	1.172048e+01	4.190598e-01	-1.081296e-04
1	1.180816e+01	4.145775e-01	-1.084692e-04
1	1.189662e+01	4.102631e-01	-1.089504e-04
1	1.198446e+01	4.057732e-01	-1.092640e-04
1	1.207255e+01	4.014206e-01	-1.094142e-04
1	1.216011e+01	3.969727e-01	-1.096445e-04
1	1.224886e+01	3.926964e-01	-1.094524e-04
1	1.233606e+01	3.882561e-01	-1.098832e-04
1	1.242461e+01	3.838005e-01	-1.102288e-04
1	1.251276e+01	3.793945e-01	-1.107919e-04
1	1.260072e+01	3.749619e-01	-1.104199e-04
1	1.268845e+01	3.706512e-01	-1.104636e-04
1	1.277648e+01	3.661804e-01	-1.105224e-04
1	1.286429e+01	3.618164e-01	-1.110262e-04
1	1.295208e+01	3.573952e-01	-1.112187e-04
1	1.304065e+01	3.530807e-01	-1.111079e-04
1	1.312860e+01	3.487053e-01	-1.114460e-04
1	1.321619e+01	3.442383e-01	-1.117181e-04
1	1.330418e+01	3.398438e-01	-1.112188e-04
1	1.339238e+01	3.354683e-01	-1.116904e-04
1	1.347997e+01	3.310242e-01	-1.115918e-04
1	1.356826e+01	3.266144e-01	-1.115837e-04
1	1.365686e+01	3.223000e-01	-1.116865e-04
1	1.374397e+01	3.178101e-01	-1.126263e-04
1	1.383279e+01	3.134842e-01	-1.116723e-04
1	1.392027e+01	3.089600e-01	-1.123644e-04
1	1.400869e+01	3.045273e-01	-1.125505e-04
1	1.409611e+01	3.002052e-01	-1.123083e-04
1	1.418390e+01	2.958450e-01	-1.121331e-04
1	1.427189e+01	2.915878e-01	-1.119200e-04
1	1.436040e+01	2.871017e-01	-1.125332e-04
1	1.444828e+01	2.826767e-01	-1.125413e-04
1	1.453669e+01	2.783051e-01	-1.124454e-04
1	1.462442e+01	2.737961e-01	-1.125015e-04
1	1.471284e+01	2.694321e-01	-1.126693e-04
1	1.480058e+01	2.650261e-01	-1.128578e-04
1	1.488869e+01	2.605743e-01	-1.129603e-04
1	1.497669e+01	2.562523e-01	-1.121199e-04
1	1.506419e+01	2.518692e-01	-1.129229e-04
1	1.515192e+01	2.475204e-01	-1.126878e-04
1	1.524030e+01	2.430229e-01	-1.133133e-04
1	1.532800e+01	2.387276e-01	-1.134102e-04
1	1.541610e+01	2.343140e-01	-1.131926e-04
1	1.550439e+01	2.299042e-01	-1.132547e-04
1	1.559228e+01	2.254219e-01	-1.132414e-04
1	1.568022e+01	2.209854e-01	-1.135037e-04
1	1.576838e+01	2.166252e-01	-1.131877e-04
1	1.585601e+01	2.122154e-01	-1.134384e-04
1	1.594424e+01	2.078400e-01	-1.135745e-04
1	1.603254e+01	2.034760e-01	-1.134468e-04
1	1.612037e+01	1.990013e-01	-1.135435e-04
1	1.620849e+01	1.947365e-01	-1.135595e-04
1	1.629649e+01	1.903534e-01	-1.134948e-04
1	1.638399e+01	1.858864e-01	-1.137682e-04
1	1.647268e+01	1.815643e-01	-1.135969e-04
1	1.656001e+01	1.769943e-01	-1.137568e-04
1	1.664849e+01	1.726265e-01	-1.135938e-04
1	1.673628e+01	1.682854e-01	-1.137168e-04
1	1.682456e+01	1.639023e-01	-1.138983e-04
1	1.691207e+01	1.594620e-01	-1.139191e-04
1	1.700062e+01	1.551285e-01	-1.137142e-04
1	1.708826e+01	1.506271e-01	-1.138653e-04
1	1.717589e+01	1.463966e-01	-1.136643e-04
1	1.726456e+01	1.418686e-01	-1.140522e-04
1	1.735226e+01	1.376076e-01	-1.141760e-04
1	1.744014e+01	1.331787e-01	-1.141971e-04
1	1.752860e+01	1.287155e-01	-1.140244e-04
1	1.761670e+01	1.243210e-01	-1.140522e-04
1	1.770475e+01	1.199265e-01	-1.137893e-04
1	1.779269e+01	1.153603e-01	-1.146978e-04
1	1.788069e+01	1.110802e-01	-1.144385e-04
1	1.796799e+01	1.066360e-01	-1.143560e-04
1	1.805671e+01	1.022797e-01	-1.145673e-04
1	1.814467e+01	9.793091e-02	-1.140777e-04
1	1.823261e+01	9.341812e-02	-1.144485e-04
1	1.832077e+01	8.905792e-02	-1.144921e-04
1	1.840887e+01	8.470917e-02	-1.146251e-04
1	1.849633e+01	8.029175e-02	-1.146553e-04
1	1.858419e+01	7.579803e-02	-1.146322e-04
1	1.867229e+01	7.151794e-02	-1.146135e-04
1	1.876085e+01	6.725693e-02	-1.147040e-04
1	1.884843e+01	6.265259e-02	-1.148021e-04
1	1.893671e+01	5.826950e-02	-1.146717e-04
1	1.902473e+01	5.385971e-02	-1.146315e-04
1	1.911248e+01	4.943848e-02	-1.145511e-04
1	1.920021e+01	4.510117e-02	-1.145524e-04
1	1.928879e+01	4.068375e-02	-1.141976e-04
1	1.937602e+01	3.629303e-02	-1.146841e-04
1	1.946432e+01	3.200531e-02	-1.148516e-04
1	1.955227e+01	2.752686e-02	-1.146709e-04
1	1.964074e+01	2.307510e-02	-1.151106e-04
1	1.972806e+01	1.865768e-02	-1.148642e-04
1	1.981677e+01	1.434708e-02	-1.146802e-04
1	1.990401e+01	9.796143e-03	-1.151967e-04
1	1.999226e+01	5.493164e-03	-1.149650e-04
2	2.008070e+01	1.216888e-03	-1.147548e-04
2	2.016824e+01	4.863739e-03	-5.324459e-05
2	2.025669e+01	9.246826e-03	-4.978180e-06
2	2.034484e+01	1.358414e-02	2.943885e-05
2	2.043208e+01	1.816559e-02	5.382395e-05
2	2.051990e+01	2.251816e-02	7.027423e-05
2	2.060803e+01	2.694702e-02	8.247137e-05
2	2.069675e+01	3.131104e-02	9.108937e-05
2	2.078482e+01	3.571701e-02	9.732246e-05
2	2.087188e+01	3.996277e-02	1.016796e-04
2	2.096038e+01	4.454422e-02	1.050293e-04
2	2.104860e+01	4.875565e-02	1.076486e-04
2	2.113596e+01	5.337143e-02	1.098741e-04
2	2.122452e+01	5.763626e-02	1.105936e-04
2	2.131273e+01	6.200790e-02	1.122116e-04
2	2.140009e+01	6.647110e-02	1.129962e-04
2	2.148830e+01	7.077789e-02	1.138011e-04
2	2.157596e+01	7.526016e-02	1.142981e-04
2	2.166464e+01	7.971191e-02	1.144633e-04
2	2.175232e+01	8.408737e-02	1.152321e-04
2	2.183996e+01	8.839035e-02	1.155913e-04
2	2.192880e+01	9.283829e-02	1.158582e-04
2	2.201660e+01	9.721375e-02	1.154330e-04
2	2.210413e+01	1.016617e-01	1.158955e-04
2	2.219255e+01	1.059990e-01	1.162771e-04
2	2.228064e+01	1.103935e-01	1.166891e-04
2	2.236791e+01	1.148720e-01	1.168815e-04
2	2.245672e+01	1.191750e-01	1.172210e-04
2	2.254399e+01	1.236496e-01	1.172683e-04
2	2.263271e+01	1.281929e-01	1.176494e-04
2	2.272080e+01	1.324348e-01	1.172514e-04
2	2.280879e+01	1.369438e-01	1.175064e-04
2	2.289593e+01	1.412354e-01	1.176121e-04
2	2.298484e+01	1.456718e-01	1.180390e-04
2	2.307187e+01	1.500969e-01	1.183071e-04
2	2.316071e+01	1.544914e-01	1.180873e-04
2	2.324796e+01	1.588821e-01	1.180407e-04
2	2.333602e+01	1.632652e-01	1.181744e-04
2	2.342461e+01	1.676254e-01	1.180779e-04
2	2.351247e+01	1.720924e-01	1.184618e-04
2	2.360021e+01	1.764908e-01	1.181989e-04
2	2.368875e+01	1.808014e-01	1.182560e-04
2	2.377592e+01	1.853409e-01	1.183383e-04
2	2.386475e+01	1.896210e-01	1.187478e-04
2	2.395238e+01	1.940575e-01	1.187754e-04
2	2.404073e+01	1.984215e-01	1.188070e-04
2	2.412819e+01	2.029037e-01	1.190284e-04
2	2.421628e+01	2.072754e-01	1.188183e-04
2	2.430472e+01	2.115974e-01	1.191303e-04
2	2.439231e+01	2.161026e-01	1.192293e-04
2	2.448013e+01	2.204819e-01	1.194414e-04
2	2.456828e+01	2.248688e-01	1.191050e-04
2	2.465646e+01	2.292023e-01	1.193396e-04
2	2.474476e+01	2.336578e-01	1.191834e-04
2	2.483279e+01	2.381058e-01	1.196676e-04
2	2.492071e+01	2.423363e-01	1.194822e-04
2	2.500841e+01	2.469063e-01	1.196082e-04
2	2.509619e+01	2.512245e-01	1.198367e-04
2	2.518470e+01	2.557220e-01	1.198283e-04
2	2.527261e+01	2.600021e-01	1.194103e-04
2	2.536022e+01	2.644463e-01	1.195242e-04
2	2.544789e+01	2.687874e-01	1.197981e-04
2	2.553580e+01	2.732964e-01	1.197778e-04
2	2.562436e+01	2.775574e-01	1.195500e-04
2	2.571240e+01	2.820435e-01	1.198924e-04
2	2.580047e+01	2.863846e-01	1.197555e-04
2	2.588871e+01	2.908096e-01	1.199431e-04
2	2.597589e+01	2.952156e-01	1.196246e-04
2	2.606391e+01	2.996292e-01	1.200652e-04
2	2.615281e+01	3.040161e-01	1.198798e-04
2	2.624023e+01	3.085251e-01	1.202559e-04
2	2.632801e+01	3.128548e-01	1.199896e-04
2	2.641636e+01	3.172989e-01	1.199152e-04
2	2.650401e+01	3.216324e-01	1.201167e-04
2	2.659244e+01	3.260002e-01	1.204734e-04
2	2.668014e+01	3.304176e-01	1.202269e-04
2	2.676814e+01	3.348656e-01	1.203910e-04
2	2.685618e+01	3.391838e-01	1.204674e-04
2	2.694448e+01	3.436050e-01	1.201962e-04
2	2.703193e+01	3.478966e-01	1.201897e-04
2	2.712021e+01	3.523674e-01	1.204815e-04
2	2.720817e+01	3.567810e-01	1.207026e-04
2	2.729634e+01	3.611908e-01	1.203904e-04
2	2.738407e+01	3.655510e-01	1.206820e-04
2	2.747195e+01	3.700256e-01	1.208503e-04
2	2.756011e+01	3.744659e-01	1.207652e-04
2	2.764839e+01	3.788071e-01	1.206090e-04
2	2.773684e+01	3.831978e-01	1.204891e-04
2	2.782452e+01	3.875961e-01	1.203512e-04
2	2.791216e+01	3.919563e-01	1.210275e-04
2	2.800030e+01	3.964844e-01	1.210226e-04
2	2.808790e+01	4.007187e-01	1.204619e-04
2	2.817627e+01	4.050941e-01	1.208702e-04
2	2.826422e+01	4.095459e-01	1.209211e-04
2	2.835210e+01	4.139938e-01	1.206748e-04
2	2.844055e+01	4.184151e-01	1.208392e-04
2	2.852810e+01	4.229126e-01	1.210780e-04
2	2.861616e+01	4.272575e-01	1.210310e-04
2	2.870473e+01	4.315491e-01	1.209679e-04
2	2.879219e+01	4.360733e-01	1.210839e-04
2	2.887981e+01	4.405174e-01	1.212299e-04
2	2.896846e+01	4.447021e-01	1.212896e-04
2	2.905686e+01	4.490623e-01	1.211430e-04
2	2.914472e+01	4.536324e-01	1.218951e-04
2	2.923245e+01	4.580116e-01	1.213211e-04
2	2.932057e+01	4.625244e-01	1.211851e-04
2	2.940841e+01	4.667053e-01	1.210713e-04
2	2.949683e+01	4.712334e-01	1.215980e-04
2	2.958478e+01	4.755516e-01	1.210077e-04
2	2.967246e+01	4.799843e-01	1.210562e-04
2	2.976081e+01	4.843102e-01	1.212646e-04
2	2.984822e+01	4.888840e-01	1.219414e-04
2	2.993594e+01	4.931984e-01	1.216850e-04
2	3.002461e+01	4.975166e-01	1.217288e-04
2	3.011191e+01	4.995384e-01	1.019458e-04
2	3.020048e+01	4.950485e-01	4.065740e-05
2	3.028818e+01	4.907112e-01	-2.738118e-06
2	3.037630e+01	4.863014e-01	-3.290725e-05
2	3.046417e+01	4.817467e-01	-5.397034e-05
2	3.055190e+01	4.773140e-01	-6.884062e-05
2	3.064084e+01	4.730148e-01	-7.950962e-05
2	3.072872e+01	4.684715e-01	-8.761311e-05
2	3.081612e+01	4.642105e-01	-9.263217e-05
2	3.090430e+01	4.597740e-01	-9.656060e-05
2	3.099231e+01	4.553452e-01	-9.962928e-05
2	3.108011e+01	4.510765e-01	-1.020306e-04
2	3.116822e+01	4.465981e-01	-1.032242e-04
2	3.125613e+01	4.422760e-01	-1.045234e-04
2	3.134450e+01	4.378548e-01	-1.056631e-04
2	3.143261e+01	4.333534e-01	-1.065586e-04
2	3.152011e+01	4.289894e-01	-1.072801e-04
2	3.160884e+01	4.246635e-01	-1.078302e-04
2	3.169642e+01	4.201698e-01	-1.083173e-04
2	3.178437e+01	4.159126e-01	-1.083856e-04
2	3.187195e+01	4.113312e-01	-1.089373e-04
2	3.196082e+01	4.071350e-01	-1.091063e-04
2	3.204815e+01	4.026031e-01	-1.093041e-04
2	3.213672e+01	3.982735e-01	-1.096766e-04
2	3.222405e+01	3.937645e-01	-1.100316e-04
2	3.231273e+01	3.894234e-01	-1.102684e-04
2	3.240059e+01	3.850288e-01	-1.101245e-04
2	3.248859e+01	3.807220e-01	-1.101469e-04
2	3.257626e+01	3.762474e-01	-1.103785e-04
2	3.266424e+01	3.718872e-01	-1.104010e-04
2	3.275232e+01	3.675308e-01	-1.104010e-04
2	3.284062e+01	3.628960e-01	-1.116084e-04
2	3.292871e+01	3.586197e-01	-1.113065e-04
2	3.301628e+01	3.541145e-01	-1.113904e-04
2	3.310427e+01	3.498573e-01	-1.113561e-04
2	3.319201e+01	3.454437e-01	-1.117636e-04
2	3.328039e+01	3.410568e-01	-1.116519e-04
2	3.336861e+01	3.366165e-01	-1.120379e-04
2	3.345611e+01	3.322296e-01	-1.118108e-04
2	3.354423e+01	3.278465e-01	-1.116631e-04
2	3.363256e+01	3.234444e-01	-1.118839e-04
2	3.371999e+01	3.190193e-01	-1.121408e-04
2	3.380826e+01	3.146400e-01	-1.123666e-04
2	3.389648e+01	3.103180e-01	-1.122009e-04
2	3.398420e+01	3.058434e-01	-1.123250e-04
2	3.407228e+01	3.014526e-01	-1.123070e-04
2	3.416084e+01	2.970200e-01	-1.125399e-04
2	3.424837e+01	2.927055e-01	-1.121812e-04
2	3.433586e+01	2.882957e-01	-1.123214e-04
2	3.442449e+01	2.838478e-01	-1.127298e-04
2	3.451211e+01	2.794189e-01	-1.126510e-04
2	3.460004e+01	2.751541e-01	-1.120739e-04
2	3.468864e+01	2.706871e-01	-1.129141e-04
2	3.477602e+01	2.662239e-01	-1.128843e-04
2	3.486449e+01	2.618752e-01	-1.128660e-04
2	3.495219e+01	2.574310e-01	-1.126648e-04
2	3.503983e+01	2.530327e-01	-1.132364e-04
2	3.512804e+01	2.487259e-01	-1.128600e-04
2	3.521682e+01	2.442856e-01	-1.130663e-04
2	3.530419e+01	2.398796e-01	-1.130064e-04
2	3.539247e+01	2.355347e-01	-1.136636e-04
2	3.548045e+01	2.309799e-01	-1.138912e-04
2	3.556795e+01	2.266808e-01	-1.133366e-04
2	3.565592e+01	2.221985e-01	-1.135157e-04
2	3.574439e+01	2.178841e-01	-1.133336e-04
2	3.583244e+01	2.135277e-01	-1.132710e-04
2	3.592007e+01	2.090988e-01	-1.135923e-04
2	3.600825e+01	2.046623e-01	-1.136465e-04
2	3.609610e+01	2.002525e-01	-1.137079e-04
2	3.618457e+01	1.959419e-01	-1.133612e-04
2	3.627244e+01	1.914368e-01	-1.139011e-04
2	3.635994e+01	1.870613e-01	-1.138242e-04
2	3.644861e+01	1.826782e-01	-1.135722e-04
2	3.653645e+01	1.782379e-01	-1.136519e-04
2	3.662444e+01	1.738358e-01	-1.135446e-04
2	3.671239e+01	1.694565e-01	-1.142569e-04
2	3.680023e+01	1.652260e-01	-1.136280e-04
2	3.688871e+01	1.606712e-01	-1.141514e-04
2	3.697618e+01	1.563568e-01	-1.138099e-04
2	3.706394e+01	1.519165e-01	-1.137370e-04
2	3.715193e+01	1.475372e-01	-1.137050e-04
2	3.724042e+01	1.430702e-01	-1.140591e-04
2	3.732817e+01	1.386604e-01	-1.140254e-04
2	3.741675e+01	1.343307e-01	-1.144491e-04
2	3.750459e+01	1.299591e-01	-1.142224e-04
2	3.759237e+01	1.254234e-01	-1.144193e-04
2	3.768054e+01	1.210632e-01	-1.142943e-04
2	3.776872e+01	1.166191e-01	-1.139828e-04
2	3.785602e+01	1.122513e-01	-1.147940e-04
2	3.794422e+01	1.079597e-01	-1.145195e-04
2	3.803251e+01	1.035004e-01	-1.147660e-04
2	3.812060e+01	9.901047e-02	-1.142597e-04
2	3.820823e+01	9.461975e-02	-1.145184e-04
2	3.829685e+01	9.027481e-02	-1.145414e-04
2	3.838392e+01	8.599472e-02	-1.142521e-04
2	3.847189e+01	8.150101e-02	-1.143454e-04
2	3.855988e+01	7.712555e-02	-1.140234e-04
2	3.864803e+01	7.278442e-02	-1.144261e-04
2	3.873638e+01	6.829453e-02	-1.145213e-04
2	3.882409e+01	6.397247e-02	-1.144376e-04
2	3.891221e+01	5.942917e-02	-1.146410e-04
2	3.900022e+01	5.509949e-02	-1.142950e-04
2	3.908844e+01	5.075073e-02	-1.146159e-04
2	3.917607e+01	4.641724e-02	-1.144123e-04
2	3.926449e+01	4.182434e-02	-1.146846e-04
2	3.935271e+01	3.755569e-02	-1.142704e-04
2	3.944078e+01	3.319931e-02	-1.147426e-04
2	3.952886e+01	2.869034e-02	-1.149491e-04
2	3.961604e+01	2.429962e-02	-1.146213e-04
2	3.970436e+01	2.006149e-02	-1.149207e-04
2	3.979208e+01	1.556396e-02	-1.150970e-04
2	3.988059e+01	1.117325e-02	-1.152033e-04
2	3.996864e+01	6.820679e-03	-1.147344e-04
3	4.005618e+01	2.265930e-03	-1.151708e-04
3	4.014469e+01	3.631592e-03	-7.223845e-05
3	4.023208e+01	8.094788e-03	-1.752555e-05
3	4.032032e+01	1.251602e-02	2.001834e-05
3	4.040816e+01	1.688766e-02	4.717958e-05
3	4.049585e+01	2.121735e-02	6.590939e-05
3	4.058388e+01	2.557373e-02	7.909167e-05
3	4.067189e+01	3.004074e-02	8.875453e-05
3	4.076070e+01	3.446198e-02	9.624708e-05
3	4.084849e+01	3.886414e-02	1.006728e-04
3	4.093624e+01	4.334259e-02	1.041592e-04
3	4.102407e+01	4.764175e-02	1.068994e-04
3	4.111242e+01	5.220413e-02	1.091572e-04
3	4.120006e+01	5.640793e-02	1.102784e-04
3	4.128841e+01	6.084442e-02	1.113768e-04
3	4.137628e+01	6.531143e-02	1.130258e-04
3	4.146471e+01	6.964874e-02	1.137021e-04
3	4.155272e+01	7.408524e-02	1.138601e-04
3	4.164040e+01	7.854843e-02	1.143428e-04
3	4.172818e+01	8.287811e-02	1.147765e-04
3	4.181580e+01	8.724594e-02	1.149023e-04
3	4.190428e+01	9.161758e-02	1.154698e-04
3	4.199252e+01	9.598541e-02	1.156746e-04
3	4.208069e+01	1.004944e-01	1.157956e-04
3	4.216853e+01	1.050034e-01	1.163019e-04
3	4.225681e+01	1.092987e-01	1.163052e-04
3	4.234440e+01	1.137123e-01	1.168110e-04
3	4.243245e+01	1.181068e-01	1.169426e-04
3	4.251984e+01	1.224136e-01	1.170286e-04
3	4.260846e+01	1.268272e-01	1.168501e-04
3	4.269661e+01	1.312523e-01	1.177332e-04
3	4.278427e+01	1.357269e-01	1.172580e-04
3	4.287195e+01	1.401482e-01	1.173928e-04
3	4.295992e+01	1.444359e-01	1.175489e-04
3	4.304825e+01	1.488266e-01	1.175630e-04
3	4.313682e+01	1.531830e-01	1.178957e-04
3	4.322404e+01	1.576157e-01	1.183052e-04
3	4.331283e+01	1.621246e-01	1.182020e-04
3	4.340075e+01	1.665344e-01	1.183152e-04
3	4.348860e+01	1.709137e-01	1.182469e-04
3	4.357679e+01	1.753464e-01	1.184732e-04
3	4.366384e+01	1.797066e-01	1.185340e-04
3	4.375195e+01	1.840057e-01	1.187326e-04
3	4.384069e+01	1.884422e-01	1.186675e-04
3	4.392875e+01	1.928902e-01	1.187780e-04
3	4.401658e+01	1.972237e-01	1.189036e-04
3	4.410388e+01	2.016869e-01	1.190090e-04
3	4.419212e+01	2.059593e-01	1.186233e-04
3	4.428072e+01	2.104492e-01	1.187637e-04
3	4.436874e+01	2.147713e-01	1.188540e-04
3	4.445665e+01	2.192574e-01	1.185418e-04
3	4.454445e+01	2.236443e-01	1.190710e-04
3	4.463215e+01	2.280502e-01	1.190701e-04
3	4.472048e+01	2.323761e-01	1.193024e-04
3	4.480838e+01	2.367706e-01	1.194078e-04
3	4.489617e+01	2.412872e-01	1.198714e-04
3	4.498470e+01	2.456779e-01	1.199452e-04
3	4.507256e+01	2.500648e-01	1.196371e-04
3	4.515995e+01	2.544289e-01	1.195074e-04
3	4.524876e+01	2.588081e-01	1.198601e-04
3	4.533609e+01	2.632599e-01	1.198759e-04
3	4.542464e+01	2.676582e-01	1.198757e-04
3	4.551260e+01	2.721558e-01	1.196662e-04
3	4.560038e+01	2.765121e-01	1.196918e-04
3	4.568848e+01	2.808609e-01	1.197958e-04
3	4.577629e+01	2.852936e-01	1.195890e-04
3	4.586390e+01	2.895546e-01	1.196207e-04
3	4.595274e+01	2.939758e-01	1.196423e-04
3	4.604001e+01	2.984695e-01	1.199853e-04
3	4.612847e+01	3.028603e-01	1.199452e-04
3	4.621595e+01	3.072243e-01	1.201669e-04
3	4.630423e+01	3.114853e-01	1.196083e-04
3	4.639247e+01	3.159943e-01	1.200751e-04
3	4.648011e+01	3.204346e-01	1.203706e-04
3	4.656883e+01	3.248215e-01	1.203076e-04
3	4.665594e+01	3.292694e-01	1.202922e-04
3	4.674473e+01	3.336143e-01	1.201878e-04
3	4.683194e+01	3.379593e-01	1.203307e-04
3	4.692079e+01	3.423805e-01	1.200143e-04
3	4.700864e+01	3.468971e-01	1.205999e-04
3	4.709613e+01	3.511848e-01	1.201519e-04
3	4.718396e+01	3.555946e-01	1.200619e-04
3	4.727221e+01	3.598595e-01	1.203583e-04
3	4.736042e+01	3.645210e-01	1.209824e-04
3	4.744831e+01	3.688354e-01	1.206831e-04
3	4.753629e+01	3.731232e-01	1.206800e-04
3	4.762407e+01	3.775978e-01	1.206067e-04
3	4.771269e+01	3.820572e-01	1.208483e-04
3	4.780050e+01	3.864479e-01	1.207182e-04
3	4.788794e+01	3.907433e-01	1.208543e-04
3	4.797614e+01	3.951378e-01	1.207659e-04
3	4.806380e+01	3.996315e-01	1.211472e-04
3	4.815272e+01	4.039764e-01	1.208999e-04
3	4.824072e+01	4.084549e-01	1.209425e-04
3	4.832804e+01	4.128151e-01	1.214342e-04
3	4.841679e+01	4.171562e-01	1.206449e-04
3	4.850488e+01	4.214745e-01	1.207074e-04
3	4.859204e+01	4.261093e-01	1.211807e-04
3	4.868021e+01	4.303551e-01	1.210259e-04
3	4.876865e+01	4.347725e-01	1.206882e-04
3	4.885686e+01	4.392471e-01	1.209487e-04
3	4.894458e+01	4.435806e-01	1.210109e-04
3	4.903269e+01	4.480515e-01	1.211517e-04
3	4.912004e+01	4.523087e-01	1.209834e-04
3	4.920792e+01	4.568634e-01	1.212038e-04
3	4.929653e+01	4.612045e-01	1.212888e-04
3	4.938406e+01	4.656258e-01	1.213516e-04
3	4.947281e+01	4.699326e-01	1.211710e-04
3	4.956023e+01	4.743767e-01	1.211586e-04
3	4.964843e+01	4.788208e-01	1.211790e-04
3	4.973620e+01	4.831810e-01	1.208928e-04
3	4.982417e+01	4.876175e-01	1.211023e-04
3	4.991199e+01	4.920044e-01	1.220077e-04
3	5.000084e+01	4.963913e-01	1.218467e-04
3	5.008848e+01	5.008316e-01	1.208984e-04
3	5.017609e+01	4.962654e-01	5.348003e-05
3	5.026385e+01	4.918785e-01	6.685495e-06
3	5.035220e+01	4.874191e-01	-2.628314e-05
3	5.044057e+01	4.830284e-01	-4.954743e-05
3	5.052837e+01	4.786224e-01	-6.583416e-05
3	5.061598e+01	4.742546e-01	-7.709312e-05
3	5.070478e+01	4.697990e-01	-8.546662e-05
3	5.079269e+01	4.652977e-01	-9.171641e-05
3	5.088085e+01	4.610138e-01	-9.559047e-05
3	5.096845e+01	4.564972e-01	-9.882200e-05
3	5.105591e+01	4.521828e-01	-1.012589e-04
3	5.114383e+01	4.478569e-01	-1.033447e-04
3	5.123252e+01	4.434738e-01	-1.043916e-04
3	5.132050e+01	4.390526e-01	-1.057186e-04
3	5.140873e+01	4.346542e-01	-1.062585e-04
3	5.149604e+01	4.302444e-01	-1.067950e-04
3	5.158437e+01	4.257851e-01	-1.077939e-04
3	5.167239e+01	4.214516e-01	-1.081157e-04
3	5.176026e+01	4.169655e-01	-1.085916e-04
3	5.184884e+01	4.126244e-01	-1.083125e-04
3	5.193627e+01	4.082565e-01	-1.088992e-04
3	5.202448e+01	4.037170e-01	-1.095139e-04
3	5.211226e+01	3.995781e-01	-1.094887e-04
3	5.220083e+01	3.951225e-01	-1.099477e-04
3	5.228858e+01	3.906136e-01	-1.099045e-04
3	5.237678e+01	3.862267e-01	-1.099843e-04
3	5.246473e+01	3.818665e-01	-1.099169e-04
3	5.255188e+01	3.774948e-01	-1.103488e-04
3	5.264000e+01	3.730927e-01	-1.104327e-04
3	5.272795e+01	3.687172e-01	-1.106712e-04
3	5.281631e+01	3.642769e-01	-1.108327e-04
3	5.290449e+01	3.598175e-01	-1.113104e-04
3	5.299249e+01	3.554039e-01	-1.114202e-04
3	5.308029e+01	3.510132e-01	-1.112607e-04
3	5.316852e+01	3.466530e-01	-1.112976e-04
3	5.325599e+01	3.421783e-01	-1.117023e-04
3	5.334430e+01	3.378716e-01	-1.112050e-04
3	5.343243e+01	3.335838e-01	-1.116643e-04
3	5.352012e+01	3.290253e-01	-1.115887e-04
3	5.360792e+01	3.246231e-01	-1.121866e-04
3	5.369616e+01	3.203583e-01	-1.115843e-04
3	5.378486e+01	3.158493e-01	-1.122060e-04
3	5.387270e+01	3.113594e-01	-1.123587e-04
3	5.395992e+01	3.069839e-01	-1.123217e-04
3	5.404852e+01	3.026428e-01	-1.120378e-04
3	5.413587e+01	2.983017e-01	-1.124403e-04
3	5.422444e+01	2.939606e-01	-1.124734e-04
3	5.431213e+01	2.894211e-01	-1.123629e-04
3	5.439996e+01	2.850647e-01	-1.123369e-04
3	5.448875e+01	2.807198e-01	-1.123129e-04
3	5.457591e+01	2.763062e-01	-1.124679e-04
3	5.466398e+01	2.718391e-01	-1.126707e-04
3	5.475229e+01	2.675514e-01	-1.124091e-04
3	5.484003e+01	2.630615e-01	-1.126682e-04
3	5.492885e+01	2.586670e-01	-1.130043e-04
3	5.501648e+01	2.542610e-01	-1.127754e-04
3	5.510393e+01	2.498741e-01	-1.133573e-04
3	5.519210e+01	2.455292e-01	-1.130067e-04
3	5.528049e+01	2.409554e-01	-1.131384e-04
3	5.536872e+01	2.365456e-01	-1.138542e-04
3	5.545656e+01	2.322807e-01	-1.134815e-04
3	5.554411e+01	2.277260e-01	-1.134470e-04
3	5.563278e+01	2.234650e-01	-1.133889e-04
3	5.572052e+01	2.190323e-01	-1.133598e-04
3	5.580787e+01	2.146988e-01	-1.133262e-04
3	5.589633e+01	2.103004e-01	-1.131982e-04
3	5.598399e+01	2.058868e-01	-1.133882e-04
3	5.607239e+01	2.014389e-01	-1.132780e-04
3	5.616054e+01	1.970825e-01	-1.134678e-04
3	5.624864e+01	1.926918e-01	-1.135377e-04
3	5.633605e+01	1.883087e-01	-1.136979e-04
3	5.642395e+01	1.838646e-01	-1.136742e-04
3	5.651273e+01	1.794853e-01	-1.135350e-04
3	5.660040e+01	1.751556e-01	-1.140571e-04
3	5.668804e+01	1.706810e-01	-1.137013e-04
3	5.677663e+01	1.662750e-01	-1.138424e-04
3	5.686484e+01	1.618195e-01	-1.134470e-04
3	5.695285e+01	1.574402e-01	-1.139622e-04
3	5.704003e+01	1.530685e-01	-1.138526e-04
3	5.712838e+01	1.488190e-01	-1.139977e-04
3	5.721640e+01	1.442146e-01	-1.139382e-04
3	5.730472e+01	1.398926e-01	-1.137805e-04
3	5.739251e+01	1.354599e-01	-1.141493e-04
3	5.747989e+01	1.309967e-01	-1.142888e-04
3	5.756828e+01	1.267929e-01	-1.138307e-04
3	5.765625e+01	1.223679e-01	-1.141105e-04
3	5.774472e+01	1.179810e-01	-1.143360e-04
3	5.783232e+01	1.134758e-01	-1.147394e-04
3	5.792078e+01	1.091423e-01	-1.148740e-04
3	5.800873e+01	1.047630e-01	-1.145878e-04
3	5.809661e+01	1.002655e-01	-1.147075e-04
3	5.818456e+01	9.592056e-02	-1.146172e-04
3	5.827190e+01	9.152603e-02	-1.142904e-04
3	5.835998e+01	8.711624e-02	-1.143020e-04
3	5.844877e+01	8.272171e-02	-1.145841e-04
3	5.853597e+01	7.828140e-02	-1.144534e-04
3	5.862463e+01	7.391357e-02	-1.147174e-04
3	5.871221e+01	6.948853e-02	-1.140658e-04
3	5.880006e+01	6.518173e-02	-1.142874e-04
3	5.888874e+01	6.068802e-02	-1.149544e-04
3	5.897619e+01	5.635452e-02	-1.145810e-04
3	5.906428e+01	5.187225e-02	-1.147863e-04
3	5.915189e+01	4.757690e-02	-1.143837e-04
3	5.924059e+01	4.306030e-02	-1.148733e-04
3	5.932885e+01	3.879166e-02	-1.146111e-04
3	5.941606e+01	3.427124e-02	-1.145250e-04
3	5.950477e+01	2.989578e-02	-1.145936e-04
3	5.959219e+01	2.540207e-02	-1.152050e-04
3	5.968060e+01	2.108765e-02	-1.150854e-04
3	5.976792e+01	1.675797e-02	-1.145953e-04
3	5.985591e+01	1.237869e-02	-1.148151e-04
3	5.994407e+01	8.014679e-03	-1.149940e-04
