Cycle number	Elapsed time (s)	Potential (V)	Current (A)
1	1.895013e-01	5.882263e-03	3.300178e-05
1	2.772240e-01	1.033401e-02	5.717075e-05
1	3.656468e-01	1.465988e-02	7.375550e-05
1	4.529933e-01	1.910400e-02	8.548164e-05
1	5.414979e-01	2.340698e-02	9.374487e-05
1	6.298534e-01	2.790451e-02	9.961736e-05
1	7.177838e-01	3.240585e-02	1.042281e-04
1	8.053051e-01	3.673935e-02	1.069728e-04
1	8.935159e-01	4.105759e-02	1.095474e-04
1	9.813489e-01	4.543686e-02	1.113478e-04
1	1.069540e+00	4.990387e-02	1.126547e-04
1	1.157396e+00	5.427170e-02	1.133120e-04
1	1.244985e+00	5.877304e-02	1.143095e-04
1	1.333638e+00	6.314468e-02	1.152028e-04
1	1.421558e+00	6.754684e-02	1.155883e-04
1	1.509106e+00	7.193375e-02	1.160961e-04
1	1.597639e+00	7.634354e-02	1.160582e-04
1	1.685741e+00	8.076859e-02	1.166180e-04
1	1.773812e+00	8.522415e-02	1.167462e-04
1	1.861039e+00	8.959961e-02	1.170248e-04
1	1.949924e+00	9.379196e-02	1.167831e-04
1	2.037763e+00	9.839630e-02	1.173828e-04
1	2.125089e+00	1.027679e-01	1.177136e-04
1	2.213157e+00	1.070938e-01	1.177136e-04
1	2.301232e+00	1.114845e-01	1.173140e-04
1	2.389368e+00	1.158257e-01	1.173230e-04
1	2.477762e+00	1.202240e-01	1.179838e-04
1	2.565431e+00	1.247253e-01	1.178595e-04
1	2.653759e+00	1.291237e-01	1.179121e-04
1	2.741772e+00	1.335526e-01	1.183783e-04
1	2.829160e+00	1.379509e-01	1.181005e-04
1	2.917524e+00	1.423988e-01	1.183023e-04
1	3.005413e+00	1.467552e-01	1.185056e-04
1	3.093878e+00	1.510658e-01	1.182052e-04
1	3.181675e+00	1.554832e-01	1.183088e-04
1	3.269858e+00	1.599121e-01	1.184011e-04
1	3.357215e+00	1.643486e-01	1.187484e-04
1	3.445901e+00	1.686478e-01	1.187652e-04
1	3.533883e+00	1.731071e-01	1.190908e-04
1	3.621771e+00	1.776009e-01	1.191131e-04
1	3.709352e+00	1.818886e-01	1.191599e-04
1	3.797200e+00	1.863556e-01	1.191907e-04
1	3.885604e+00	1.906471e-01	1.191605e-04
1	3.973663e+00	1.950912e-01	1.189597e-04
1	4.060921e+00	1.995811e-01	1.193959e-04
1	4.148890e+00	2.038574e-01	1.190389e-04
1	4.237765e+00	2.083092e-01	1.190330e-04
1	4.325509e+00	2.127342e-01	1.194947e-04
1	4.413327e+00	2.170906e-01	1.196336e-04
1	4.500895e+00	2.214813e-01	1.193715e-04
1	4.589019e+00	2.258415e-01	1.193037e-04
1	4.676940e+00	2.303734e-01	1.200485e-04
1	4.765311e+00	2.346039e-01	1.191328e-04
1	4.853626e+00	2.390823e-01	1.196455e-04
1	4.941804e+00	2.434807e-01	1.199507e-04
1	5.029261e+00	2.479553e-01	1.202283e-04
1	5.116973e+00	2.522774e-01	1.198180e-04
1	5.205612e+00	2.566566e-01	1.195449e-04
1	5.293288e+00	2.610321e-01	1.196752e-04
1	5.381066e+00	2.655449e-01	1.201829e-04
1	5.469815e+00	2.699776e-01	1.202977e-04
1	5.557283e+00	2.742805e-01	1.195059e-04
1	5.644988e+00	2.787590e-01	1.204820e-04
1	5.733413e+00	2.830505e-01	1.201251e-04
1	5.821132e+00	2.874718e-01	1.197888e-04
1	5.908984e+00	2.919312e-01	1.201526e-04
1	5.997760e+00	2.962036e-01	1.202058e-04
1	6.085593e+00	3.005943e-01	1.201416e-04
1	6.173128e+00	3.049660e-01	1.198605e-04
1	6.260949e+00	3.095512e-01	1.205127e-04
1	6.349328e+00	3.138313e-01	1.204914e-04
1	6.437159e+00	3.182220e-01	1.200871e-04
1	6.525250e+00	3.225517e-01	1.204244e-04
1	6.613379e+00	3.270416e-01	1.205521e-04
1	6.700875e+00	3.314857e-01	1.204883e-04
1	6.789499e+00	3.357697e-01	1.200552e-04
1	6.877266e+00	3.402252e-01	1.207656e-04
1	6.965233e+00	3.447227e-01	1.208966e-04
1	7.053877e+00	3.490829e-01	1.202689e-04
1	7.141480e+00	3.534698e-01	1.206195e-04
1	7.229565e+00	3.577995e-01	1.203973e-04
1	7.317876e+00	3.621140e-01	1.202668e-04
1	7.405012e+00	3.667412e-01	1.205336e-04
1	7.493341e+00	3.710213e-01	1.206062e-04
1	7.580998e+00	3.754196e-01	1.208947e-04
1	7.669897e+00	3.797722e-01	1.208894e-04
1	7.757292e+00	3.843117e-01	1.209146e-04
1	7.844920e+00	3.886299e-01	1.205468e-04
1	7.933126e+00	3.930435e-01	1.204617e-04
1	8.021781e+00	3.974800e-01	1.206791e-04
1	8.109322e+00	4.018478e-01	1.210952e-04
1	8.197804e+00	4.062805e-01	1.206954e-04
1	8.285279e+00	4.105377e-01	1.204910e-04
1	8.373117e+00	4.150925e-01	1.206821e-04
1	8.461631e+00	4.194412e-01	1.207718e-04
1	8.549514e+00	4.238777e-01	1.207349e-04
1	8.636983e+00	4.282074e-01	1.208646e-04
1	8.725167e+00	4.325600e-01	1.209357e-04
1	8.813433e+00	4.370766e-01	1.210020e-04
1	8.900947e+00	4.414558e-01	1.208061e-04
1	8.989286e+00	4.457932e-01	1.210063e-04
1	9.077083e+00	4.502068e-01	1.211982e-04
1	9.165862e+00	4.545860e-01	1.212137e-04
1	9.253181e+00	4.589691e-01	1.210637e-04
1	9.341612e+00	4.635010e-01	1.212288e-04
1	9.429896e+00	4.678345e-01	1.210817e-04
1	9.517839e+00	4.722519e-01	1.208467e-04
1	9.605004e+00	4.766006e-01	1.209960e-04
1	9.693182e+00	4.810257e-01	1.209700e-04
1	9.781449e+00	4.853668e-01	1.211690e-04
1	9.869772e+00	4.898415e-01	1.214784e-04
1	9.957542e+00	4.943161e-01	1.215949e-04
1	1.004560e+01	4.986267e-01	1.217413e-04
1	1.013374e+01	5.030060e-01	1.215429e-04
1	1.022141e+01	5.074387e-01	1.214281e-04
1	1.030923e+01	5.118217e-01	1.218276e-04
1	1.039786e+01	5.162888e-01	1.215891e-04
1	1.048577e+01	5.206680e-01	1.217452e-04
1	1.057351e+01	5.249939e-01	1.214660e-04
1	1.066121e+01	5.294533e-01	1.215975e-04
1	1.074991e+01	5.337677e-01	1.212591e-04
1	1.083769e+01	5.382347e-01	1.214663e-04
1	1.092575e+01	5.425758e-01	1.215948e-04
1	1.101363e+01	5.469894e-01	1.218139e-04
1	1.110126e+01	5.513382e-01	1.214192e-04
1	1.118957e+01	5.558281e-01	1.212600e-04
1	1.127710e+01	5.601692e-01	1.218830e-04
1	1.136506e+01	5.645943e-01	1.216866e-04
1	1.145318e+01	5.689697e-01	1.214377e-04
1	1.154134e+01	5.734482e-01	1.219156e-04
1	1.162958e+01	5.777016e-01	1.216469e-04
1	1.171782e+01	5.822105e-01	1.217340e-04
1	1.180561e+01	5.865669e-01	1.216846e-04
1	1.189343e+01	5.909767e-01	1.217940e-04
1	1.198112e+01	5.954819e-01	1.216360e-04
1	1.206925e+01	5.996552e-01	1.216670e-04
1	1.215715e+01	6.041412e-01	1.220487e-04
1	1.224575e+01	6.084442e-01	1.216145e-04
1	1.233382e+01	6.129913e-01	1.222599e-04
1	1.242152e+01	6.173973e-01	1.220520e-04
1	1.250910e+01	6.218414e-01	1.222625e-04
1	1.259702e+01	6.261406e-01	1.220038e-04
1	1.268507e+01	6.306877e-01	1.222384e-04
1	1.277332e+01	6.349297e-01	1.218944e-04
1	1.286099e+01	6.394577e-01	1.222929e-04
1	1.294954e+01	6.436729e-01	1.215409e-04
1	1.303779e+01	6.482239e-01	1.222876e-04
1	1.312518e+01	6.526451e-01	1.224530e-04
1	1.321308e+01	6.570358e-01	1.222773e-04
1	1.330137e+01	6.613388e-01	1.221541e-04
1	1.338990e+01	6.657791e-01	1.221468e-04
1	1.347715e+01	6.701851e-01	1.221576e-04
1	1.356514e+01	6.745415e-01	1.219802e-04
1	1.365389e+01	6.789131e-01	1.217912e-04
1	1.374163e+01	6.834030e-01	1.221327e-04
1	1.382921e+01	6.877480e-01	1.220500e-04
1	1.391701e+01	6.921616e-01	1.219953e-04
1	1.400537e+01	6.964722e-01	1.217833e-04
1	1.409350e+01	7.010384e-01	1.223924e-04
1	1.418104e+01	7.053299e-01	1.225402e-04
1	1.426938e+01	7.096825e-01	1.222665e-04
1	1.435750e+01	7.141342e-01	1.222686e-04
1	1.444556e+01	7.185097e-01	1.225778e-04
1	1.453377e+01	7.229614e-01	1.220876e-04
1	1.462125e+01	7.273445e-01	1.223589e-04
1	1.470959e+01	7.317085e-01	1.223458e-04
1	1.479722e+01	7.361336e-01	1.221769e-04
1	1.488514e+01	7.405815e-01	1.225983e-04
1	1.497355e+01	7.449303e-01	1.225023e-04
1	1.506141e+01	7.494087e-01	1.226965e-04
1	1.514959e+01	7.538414e-01	1.228627e-04
1	1.523778e+01	7.581558e-01	1.227453e-04
1	1.532564e+01	7.626076e-01	1.226643e-04
1	1.541304e+01	7.669449e-01	1.223842e-04
1	1.550114e+01	7.713280e-01	1.224600e-04
1	1.558899e+01	7.756958e-01	1.222044e-04
1	1.567787e+01	7.801323e-01	1.225388e-04
1	1.576556e+01	7.845764e-01	1.224971e-04
1	1.585389e+01	7.890511e-01	1.228080e-04
1	1.594166e+01	7.933388e-01	1.225612e-04
1	1.602946e+01	7.978210e-01	1.225048e-04
1	1.611727e+01	8.021469e-01	1.224599e-04
1	1.620550e+01	8.065643e-01	1.227347e-04
1	1.629348e+01	8.108826e-01	1.225559e-04
1	1.638164e+01	8.153267e-01	1.231773e-04
1	1.646921e+01	8.197327e-01	1.227661e-04
1	1.655749e+01	8.240509e-01	1.225529e-04
1	1.664511e+01	8.285828e-01	1.228325e-04
1	1.673300e+01	8.330612e-01	1.229674e-04
1	1.682107e+01	8.373833e-01	1.223526e-04
1	1.690920e+01	8.417816e-01	1.228509e-04
1	1.699708e+01	8.459930e-01	1.225169e-04
1	1.708580e+01	8.505478e-01	1.226789e-04
1	1.717294e+01	8.549538e-01	1.225575e-04
1	1.726125e+01	8.592339e-01	1.227275e-04
1	1.734969e+01	8.638306e-01	1.230172e-04
1	1.743693e+01	8.681030e-01	1.230842e-04
1	1.752511e+01	8.724632e-01	1.230128e-04
1	1.761387e+01	8.769112e-01	1.229960e-04
1	1.770157e+01	8.813972e-01	1.231656e-04
1	1.778975e+01	8.857422e-01	1.228484e-04
1	1.787696e+01	8.901215e-01	1.231580e-04
1	1.796574e+01	8.946190e-01	1.231191e-04
1	1.805366e+01	8.989258e-01	1.231050e-04
1	1.814155e+01	9.032898e-01	1.230909e-04
1	1.822925e+01	9.077415e-01	1.227559e-04
1	1.831721e+01	9.120750e-01	1.231887e-04
1	1.840518e+01	9.165573e-01	1.229453e-04
1	1.849327e+01	9.208374e-01	1.232734e-04
1	1.858127e+01	9.253998e-01	1.233203e-04
1	1.866958e+01	9.296417e-01	1.231309e-04
1	1.875758e+01	9.340591e-01	1.233385e-04
1	1.884540e+01	9.385147e-01	1.228864e-04
1	1.893313e+01	9.428978e-01	1.230608e-04
1	1.902156e+01	9.472466e-01	1.229587e-04
1	1.910954e+01	9.517479e-01	1.235355e-04
1	1.919705e+01	9.561462e-01	1.232604e-04
1	1.928509e+01	9.604721e-01	1.230042e-04
1	1.937324e+01	9.649048e-01	1.232116e-04
1	1.946094e+01	9.693756e-01	1.231745e-04
1	1.954929e+01	9.736862e-01	1.232370e-04
1	1.963705e+01	9.781075e-01	1.231315e-04
1	1.972557e+01	9.824905e-01	1.231600e-04
1	1.981346e+01	9.870377e-01	1.240635e-04
1	1.990141e+01	9.913750e-01	1.237131e-04
1	1.998893e+01	9.957047e-01	1.234080e-04
1	2.007714e+01	1.000114e+00	1.235138e-04
1	2.016497e+01	9.968262e-01	6.402123e-05
1	2.025378e+01	9.923630e-01	1.517630e-05
1	2.034123e+01	9.878159e-01	-1.974285e-05
1	2.042925e+01	9.835129e-01	-4.399228e-05
1	2.051717e+01	9.789658e-01	-6.118774e-05
1	2.060512e+01	9.746094e-01	-7.317936e-05
1	2.069296e+01	9.701996e-01	-8.177364e-05
1	2.078096e+01	9.658661e-01	-8.811164e-05
1	2.086944e+01	9.614754e-01	-9.266508e-05
1	2.095769e+01	9.569931e-01	-9.620106e-05
1	2.104522e+01	9.526825e-01	-9.906423e-05
1	2.113330e+01	9.482841e-01	-1.007397e-04
1	2.122107e+01	9.438438e-01	-1.025856e-04
1	2.130901e+01	9.394875e-01	-1.036677e-04
1	2.139789e+01	9.350471e-01	-1.041265e-04
1	2.148530e+01	9.306679e-01	-1.053524e-04
1	2.157390e+01	9.263039e-01	-1.059377e-04
1	2.166132e+01	9.218445e-01	-1.064866e-04
1	2.174913e+01	9.175148e-01	-1.068233e-04
1	2.183761e+01	9.129562e-01	-1.075407e-04
1	2.192507e+01	9.087334e-01	-1.075200e-04
1	2.201333e+01	9.042854e-01	-1.077447e-04
1	2.210094e+01	8.999176e-01	-1.079975e-04
1	2.218946e+01	8.955574e-01	-1.080594e-04
1	2.227692e+01	8.910980e-01	-1.086365e-04
1	2.236560e+01	8.867073e-01	-1.086993e-04
1	2.245359e+01	8.823280e-01	-1.087992e-04
1	2.254179e+01	8.778610e-01	-1.088760e-04
1	2.262959e+01	8.734360e-01	-1.092200e-04
1	2.271689e+01	8.689690e-01	-1.096513e-04
1	2.280524e+01	8.647652e-01	-1.096008e-04
1	2.289379e+01	8.602371e-01	-1.100414e-04
1	2.298111e+01	8.558769e-01	-1.095564e-04
1	2.306951e+01	8.513794e-01	-1.101226e-04
1	2.315704e+01	8.471069e-01	-1.102288e-04
1	2.324536e+01	8.426285e-01	-1.101738e-04
1	2.333335e+01	8.382034e-01	-1.105161e-04
1	2.342161e+01	8.339272e-01	-1.100523e-04
1	2.350965e+01	8.294487e-01	-1.108353e-04
1	2.359756e+01	8.250542e-01	-1.106870e-04
1	2.368541e+01	8.207130e-01	-1.105553e-04
1	2.377318e+01	8.163605e-01	-1.102936e-04
1	2.386106e+01	8.118935e-01	-1.107793e-04
1	2.394943e+01	8.075447e-01	-1.108493e-04
1	2.403748e+01	8.030167e-01	-1.115081e-04
1	2.412524e+01	7.985764e-01	-1.114455e-04
1	2.421349e+01	7.942314e-01	-1.112808e-04
1	2.430159e+01	7.899170e-01	-1.111245e-04
1	2.438960e+01	7.853851e-01	-1.114186e-04
1	2.447709e+01	7.811470e-01	-1.113038e-04
1	2.456584e+01	7.765923e-01	-1.113416e-04
1	2.465376e+01	7.722778e-01	-1.113636e-04
1	2.474093e+01	7.678642e-01	-1.118295e-04
1	2.482909e+01	7.635574e-01	-1.113640e-04
1	2.491730e+01	7.591324e-01	-1.117253e-04
1	2.500544e+01	7.546577e-01	-1.119403e-04
1	2.509367e+01	7.502899e-01	-1.117465e-04
1	2.518129e+01	7.458420e-01	-1.121144e-04
1	2.526966e+01	7.415352e-01	-1.116480e-04
1	2.535742e+01	7.370415e-01	-1.124555e-04
1	2.544579e+01	7.325897e-01	-1.121628e-04
1	2.553366e+01	7.282066e-01	-1.124464e-04
1	2.562101e+01	7.239037e-01	-1.124780e-04
1	2.570954e+01	7.194595e-01	-1.123800e-04
1	2.579781e+01	7.150803e-01	-1.123416e-04
1	2.588578e+01	7.105408e-01	-1.119385e-04
1	2.597387e+01	7.064362e-01	-1.119843e-04
1	2.606176e+01	7.017899e-01	-1.124581e-04
1	2.614988e+01	6.975822e-01	-1.121311e-04
1	2.623765e+01	6.930275e-01	-1.128418e-04
1	2.632580e+01	6.887550e-01	-1.125069e-04
1	2.641377e+01	6.843414e-01	-1.123140e-04
1	2.650169e+01	6.798897e-01	-1.130137e-04
1	2.658934e+01	6.755638e-01	-1.125364e-04
1	2.667780e+01	6.710587e-01	-1.127301e-04
1	2.676558e+01	6.667290e-01	-1.126734e-04
1	2.685296e+01	6.621780e-01	-1.128428e-04
1	2.694136e+01	6.578522e-01	-1.126409e-04
1	2.702973e+01	6.535721e-01	-1.125755e-04
1	2.711765e+01	6.491127e-01	-1.127324e-04
1	2.720512e+01	6.447144e-01	-1.129739e-04
1	2.729358e+01	6.404190e-01	-1.128733e-04
1	2.738141e+01	6.359406e-01	-1.130667e-04
1	2.746918e+01	6.314812e-01	-1.130931e-04
1	2.755774e+01	6.271400e-01	-1.132417e-04
1	2.764580e+01	6.226807e-01	-1.133734e-04
1	2.773374e+01	6.183472e-01	-1.132405e-04
1	2.782100e+01	6.140251e-01	-1.128291e-04
1	2.790950e+01	6.095009e-01	-1.138589e-04
1	2.799692e+01	6.050186e-01	-1.133882e-04
1	2.808565e+01	6.008186e-01	-1.131129e-04
1	2.817356e+01	5.962143e-01	-1.140307e-04
1	2.826125e+01	5.919495e-01	-1.133473e-04
1	2.834889e+01	5.875549e-01	-1.133020e-04
1	2.843788e+01	5.831947e-01	-1.134721e-04
1	2.852714e+01	5.787392e-01	-1.132649e-04
1	2.861370e+01	5.742569e-01	-1.135914e-04
1	2.870152e+01	5.699272e-01	-1.136571e-04
1	2.878931e+01	5.654716e-01	-1.137315e-04
1	2.887712e+01	5.610886e-01	-1.139262e-04
1	2.896522e+01	5.567856e-01	-1.134014e-04
1	2.905305e+01	5.523529e-01	-1.134517e-04
1	2.914107e+01	5.479622e-01	-1.139593e-04
1	2.922901e+01	5.434952e-01	-1.138237e-04
1	2.931752e+01	5.391121e-01	-1.137964e-04
1	2.940549e+01	5.345840e-01	-1.138222e-04
1	2.949384e+01	5.302048e-01	-1.138514e-04
1	2.958151e+01	5.259018e-01	-1.136916e-04
1	2.966905e+01	5.215492e-01	-1.137480e-04
1	2.975697e+01	5.172310e-01	-1.136025e-04
1	2.984494e+01	5.128212e-01	-1.137680e-04
1	2.993321e+01	5.083160e-01	-1.137998e-04
1	3.002081e+01	5.039558e-01	-1.143669e-04
1	3.010982e+01	4.995575e-01	-1.142504e-04
1	3.019750e+01	4.951363e-01	-1.140088e-04
1	3.028582e+01	4.908638e-01	-1.138855e-04
1	3.037306e+01	4.862480e-01	-1.145350e-04
1	3.046176e+01	4.819183e-01	-1.141622e-04
1	3.054937e+01	4.775162e-01	-1.142052e-04
1	3.063774e+01	4.731979e-01	-1.142900e-04
1	3.072532e+01	4.687576e-01	-1.143448e-04
1	3.081352e+01	4.643478e-01	-1.142819e-04
1	3.090103e+01	4.598656e-01	-1.137985e-04
1	3.098983e+01	4.555016e-01	-1.141981e-04
1	3.107726e+01	4.511833e-01	-1.140547e-04
1	3.116537e+01	4.467545e-01	-1.141403e-04
1	3.125364e+01	4.423409e-01	-1.141160e-04
1	3.134178e+01	4.379272e-01	-1.144044e-04
1	3.142955e+01	4.334908e-01	-1.141436e-04
1	3.151763e+01	4.291306e-01	-1.144634e-04
1	3.160535e+01	4.246902e-01	-1.146976e-04
1	3.169335e+01	4.204521e-01	-1.145037e-04
1	3.178107e+01	4.158859e-01	-1.144314e-04
1	3.186926e+01	4.114609e-01	-1.144646e-04
1	3.195782e+01	4.072533e-01	-1.142342e-04
1	3.204542e+01	4.026871e-01	-1.143836e-04
1	3.213368e+01	3.983841e-01	-1.142049e-04
1	3.222157e+01	3.939400e-01	-1.147685e-04
1	3.230914e+01	3.895798e-01	-1.141007e-04
1	3.239715e+01	3.852158e-01	-1.145171e-04
1	3.248510e+01	3.807487e-01	-1.143242e-04
1	3.257299e+01	3.764267e-01	-1.146811e-04
1	3.266184e+01	3.721733e-01	-1.144648e-04
1	3.274965e+01	3.675880e-01	-1.149873e-04
1	3.283723e+01	3.630714e-01	-1.151270e-04
1	3.292505e+01	3.586731e-01	-1.148176e-04
1	3.301344e+01	3.543434e-01	-1.151656e-04
1	3.310131e+01	3.499069e-01	-1.152618e-04
1	3.318986e+01	3.456192e-01	-1.149844e-04
1	3.327789e+01	3.411255e-01	-1.149943e-04
1	3.336493e+01	3.367233e-01	-1.149769e-04
1	3.345344e+01	3.323326e-01	-1.148754e-04
1	3.354188e+01	3.278961e-01	-1.148639e-04
1	3.362976e+01	3.235207e-01	-1.147547e-04
1	3.371779e+01	3.191338e-01	-1.149330e-04
1	3.380533e+01	3.147736e-01	-1.148709e-04
1	3.389375e+01	3.104172e-01	-1.150626e-04
1	3.398105e+01	3.060226e-01	-1.149755e-04
1	3.406905e+01	3.016930e-01	-1.152745e-04
1	3.415774e+01	2.971992e-01	-1.147703e-04
1	3.424508e+01	2.927704e-01	-1.151700e-04
1	3.433325e+01	2.884216e-01	-1.148328e-04
1	3.442147e+01	2.839546e-01	-1.151320e-04
1	3.450979e+01	2.796173e-01	-1.150488e-04
1	3.459786e+01	2.751884e-01	-1.149803e-04
1	3.468534e+01	2.708893e-01	-1.149342e-04
1	3.477313e+01	2.662926e-01	-1.153946e-04
1	3.486132e+01	2.619667e-01	-1.151294e-04
1	3.494910e+01	2.575264e-01	-1.150891e-04
1	3.503697e+01	2.531891e-01	-1.151186e-04
1	3.512573e+01	2.488174e-01	-1.149489e-04
1	3.521358e+01	2.443695e-01	-1.152924e-04
1	3.530135e+01	2.399750e-01	-1.155287e-04
1	3.538977e+01	2.356529e-01	-1.155117e-04
1	3.547692e+01	2.310791e-01	-1.155422e-04
1	3.556569e+01	2.267303e-01	-1.155362e-04
1	3.565292e+01	2.223587e-01	-1.156709e-04
1	3.574115e+01	2.180252e-01	-1.149477e-04
1	3.582904e+01	2.135506e-01	-1.153234e-04
1	3.591761e+01	2.093163e-01	-1.150391e-04
1	3.600514e+01	2.047005e-01	-1.156447e-04
1	3.609315e+01	2.003746e-01	-1.153190e-04
1	3.618137e+01	1.960564e-01	-1.151645e-04
1	3.626960e+01	1.916084e-01	-1.150281e-04
1	3.635785e+01	1.872482e-01	-1.153754e-04
1	3.644528e+01	1.827354e-01	-1.153637e-04
1	3.653296e+01	1.784325e-01	-1.152779e-04
1	3.662140e+01	1.740723e-01	-1.156414e-04
1	3.670965e+01	1.695633e-01	-1.156206e-04
1	3.679688e+01	1.651878e-01	-1.158353e-04
1	3.688508e+01	1.608543e-01	-1.152194e-04
1	3.697309e+01	1.565056e-01	-1.153061e-04
1	3.706167e+01	1.520882e-01	-1.157020e-04
1	3.714940e+01	1.476364e-01	-1.155673e-04
1	3.723709e+01	1.433182e-01	-1.160055e-04
1	3.732485e+01	1.388588e-01	-1.154990e-04
1	3.741328e+01	1.344261e-01	-1.155601e-04
1	3.750120e+01	1.300774e-01	-1.157918e-04
1	3.758932e+01	1.257324e-01	-1.156582e-04
1	3.767745e+01	1.213150e-01	-1.159296e-04
1	3.776561e+01	1.168098e-01	-1.154081e-04
1	3.785342e+01	1.123657e-01	-1.157064e-04
1	3.794112e+01	1.079979e-01	-1.160219e-04
1	3.802921e+01	1.036682e-01	-1.157787e-04
1	3.811753e+01	9.912491e-02	-1.161227e-04
1	3.820569e+01	9.476089e-02	-1.160311e-04
1	3.829306e+01	9.043121e-02	-1.156708e-04
1	3.838184e+01	8.602142e-02	-1.155853e-04
1	3.846936e+01	8.169556e-02	-1.161745e-04
1	3.855709e+01	7.716751e-02	-1.159449e-04
1	3.864544e+01	7.283401e-02	-1.157339e-04
1	3.873323e+01	6.843567e-02	-1.160140e-04
1	3.882123e+01	6.401443e-02	-1.161646e-04
1	3.890887e+01	5.961609e-02	-1.161903e-04
1	3.899749e+01	5.531311e-02	-1.156274e-04
1	3.908520e+01	5.091858e-02	-1.160014e-04
1	3.917365e+01	4.642105e-02	-1.157541e-04
1	3.926115e+01	4.215622e-02	-1.158830e-04
1	3.934954e+01	3.759766e-02	-1.163629e-04
1	3.943781e+01	3.317642e-02	-1.165631e-04
1	3.952497e+01	2.891922e-02	-1.161197e-04
1	3.961334e+01	2.448654e-02	-1.162474e-04
1	3.970123e+01	2.013016e-02	-1.160043e-04
1	3.978932e+01	1.563644e-02	-1.163435e-04
1	3.987749e+01	1.136017e-02	-1.163715e-04
1	3.996554e+01	6.961823e-03	-1.161057e-04
2	4.005333e+01	2.513885e-03	-1.160990e-04
2	4.014174e+01	3.456116e-03	-7.657444e-05
2	4.022947e+01	7.862091e-03	-2.193141e-05
2	4.031776e+01	1.224518e-02	1.636100e-05
2	4.040573e+01	1.667786e-02	4.361987e-05
2	4.049320e+01	2.119064e-02	6.275690e-05
2	4.058116e+01	2.554321e-02	7.657897e-05
2	4.066917e+01	2.991867e-02	8.669174e-05
2	4.075776e+01	3.445053e-02	9.396291e-05
2	4.084520e+01	3.870773e-02	9.856629e-05
2	4.093327e+01	4.309464e-02	1.024565e-04
2	4.102112e+01	4.753494e-02	1.052811e-04
2	4.110916e+01	5.198669e-02	1.075608e-04
2	4.119765e+01	5.633163e-02	1.093429e-04
2	4.128535e+01	6.072617e-02	1.102494e-04
2	4.137326e+01	6.527710e-02	1.121422e-04
2	4.146176e+01	6.943512e-02	1.122214e-04
2	4.154963e+01	7.396317e-02	1.127099e-04
2	4.163709e+01	7.831955e-02	1.131498e-04
2	4.172504e+01	8.279800e-02	1.138256e-04
2	4.181360e+01	8.708572e-02	1.142353e-04
2	4.190116e+01	9.148026e-02	1.145002e-04
2	4.198988e+01	9.590530e-02	1.149203e-04
2	4.207745e+01	1.003876e-01	1.155795e-04
2	4.216528e+01	1.046638e-01	1.156768e-04
2	4.225348e+01	1.089745e-01	1.152581e-04
2	4.234139e+01	1.134949e-01	1.160694e-04
2	4.242967e+01	1.179085e-01	1.162690e-04
2	4.251697e+01	1.222649e-01	1.162812e-04
2	4.260505e+01	1.266708e-01	1.165594e-04
2	4.269299e+01	1.311684e-01	1.165756e-04
2	4.278132e+01	1.355476e-01	1.166636e-04
2	4.286978e+01	1.398773e-01	1.168536e-04
2	4.295775e+01	1.443176e-01	1.169502e-04
2	4.304564e+01	1.487465e-01	1.171644e-04
2	4.313355e+01	1.531677e-01	1.169384e-04
2	4.322161e+01	1.574898e-01	1.166641e-04
2	4.330909e+01	1.618843e-01	1.171451e-04
2	4.339695e+01	1.663284e-01	1.174829e-04
2	4.348568e+01	1.706696e-01	1.173148e-04
2	4.357339e+01	1.752052e-01	1.178710e-04
2	4.366119e+01	1.794739e-01	1.173446e-04
2	4.374976e+01	1.838303e-01	1.177568e-04
2	4.383760e+01	1.883430e-01	1.177791e-04
2	4.392537e+01	1.926498e-01	1.179459e-04
2	4.401286e+01	1.971626e-01	1.178725e-04
2	4.410151e+01	2.013664e-01	1.179357e-04
2	4.418963e+01	2.058525e-01	1.182778e-04
2	4.427694e+01	2.102470e-01	1.182058e-04
2	4.436503e+01	2.145920e-01	1.182653e-04
2	4.445353e+01	2.190552e-01	1.181039e-04
2	4.454140e+01	2.235413e-01	1.186390e-04
2	4.462942e+01	2.278099e-01	1.183513e-04
2	4.471712e+01	2.323151e-01	1.189599e-04
2	4.480527e+01	2.366295e-01	1.185142e-04
2	4.489293e+01	2.411842e-01	1.191915e-04
2	4.498161e+01	2.455025e-01	1.186497e-04
2	4.506921e+01	2.499657e-01	1.190248e-04
2	4.515776e+01	2.542000e-01	1.186994e-04
2	4.524496e+01	2.588463e-01	1.190776e-04
2	4.533369e+01	2.631264e-01	1.192189e-04
2	4.542105e+01	2.675705e-01	1.191517e-04
2	4.550901e+01	2.719078e-01	1.190188e-04
2	4.559784e+01	2.762794e-01	1.187551e-04
2	4.568546e+01	2.807808e-01	1.188684e-04
2	4.577312e+01	2.850266e-01	1.190733e-04
2	4.586120e+01	2.895393e-01	1.189492e-04
2	4.594970e+01	2.938271e-01	1.189224e-04
2	4.603780e+01	2.982101e-01	1.192677e-04
2	4.612495e+01	3.027115e-01	1.192009e-04
2	4.621311e+01	3.069763e-01	1.195165e-04
2	4.630102e+01	3.114853e-01	1.193291e-04
2	4.638904e+01	3.159103e-01	1.198603e-04
2	4.647718e+01	3.202019e-01	1.193117e-04
2	4.656586e+01	3.247032e-01	1.192690e-04
2	4.665365e+01	3.291245e-01	1.197231e-04
2	4.674157e+01	3.336792e-01	1.200511e-04
2	4.682908e+01	3.378944e-01	1.199617e-04
2	4.691787e+01	3.422928e-01	1.198726e-04
2	4.700523e+01	3.465538e-01	1.199337e-04
2	4.709371e+01	3.510284e-01	1.199542e-04
2	4.718147e+01	3.554344e-01	1.197454e-04
2	4.726976e+01	3.597298e-01	1.196226e-04
2	4.735774e+01	3.642197e-01	1.201677e-04
2	4.744538e+01	3.687172e-01	1.201937e-04
2	4.753294e+01	3.731003e-01	1.202825e-04
2	4.762146e+01	3.774490e-01	1.198896e-04
2	4.770979e+01	3.818321e-01	1.202058e-04
2	4.779735e+01	3.863106e-01	1.201310e-04
2	4.788531e+01	3.906784e-01	1.200233e-04
2	4.797369e+01	3.949394e-01	1.200864e-04
2	4.806134e+01	3.995247e-01	1.202554e-04
2	4.814929e+01	4.037704e-01	1.204901e-04
2	4.823682e+01	4.081268e-01	1.201878e-04
2	4.832513e+01	4.126549e-01	1.202121e-04
2	4.841292e+01	4.169731e-01	1.206360e-04
2	4.850127e+01	4.213791e-01	1.204044e-04
2	4.858926e+01	4.258842e-01	1.204091e-04
2	4.867706e+01	4.302750e-01	1.206479e-04
2	4.876492e+01	4.347420e-01	1.206239e-04
2	4.885320e+01	4.389534e-01	1.203111e-04
2	4.894155e+01	4.434166e-01	1.203884e-04
2	4.902921e+01	4.478111e-01	1.203752e-04
2	4.911731e+01	4.521942e-01	1.206483e-04
2	4.920569e+01	4.565086e-01	1.208594e-04
2	4.929297e+01	4.609642e-01	1.206878e-04
2	4.938151e+01	4.653816e-01	1.205930e-04
2	4.946984e+01	4.697838e-01	1.209159e-04
2	4.955725e+01	4.741707e-01	1.206830e-04
2	4.964517e+01	4.785347e-01	1.205465e-04
2	4.973343e+01	4.830360e-01	1.207856e-04
2	4.982177e+01	4.873962e-01	1.207957e-04
2	4.990985e+01	4.917946e-01	1.211218e-04
2	4.999758e+01	4.963722e-01	1.210705e-04
2	5.008548e+01	5.007248e-01	1.212420e-04
2	5.017290e+01	5.050087e-01	1.212269e-04
2	5.026162e+01	5.094109e-01	1.209991e-04
2	5.034895e+01	5.137062e-01	1.208029e-04
2	5.043703e+01	5.182266e-01	1.207454e-04
2	5.052546e+01	5.226822e-01	1.212605e-04
2	5.061333e+01	5.270386e-01	1.207752e-04
2	5.070091e+01	5.314064e-01	1.209272e-04
2	5.078903e+01	5.357552e-01	1.213347e-04
2	5.087785e+01	5.401955e-01	1.210721e-04
2	5.096518e+01	5.446358e-01	1.213217e-04
2	5.105310e+01	5.489807e-01	1.210229e-04
2	5.114119e+01	5.533142e-01	1.212754e-04
2	5.122933e+01	5.578384e-01	1.213788e-04
2	5.131688e+01	5.622635e-01	1.214716e-04
2	5.140580e+01	5.666237e-01	1.212660e-04
2	5.149356e+01	5.710030e-01	1.214590e-04
2	5.158083e+01	5.754547e-01	1.211536e-04
2	5.166910e+01	5.797234e-01	1.212004e-04
2	5.175691e+01	5.841980e-01	1.215708e-04
2	5.184554e+01	5.885277e-01	1.214911e-04
2	5.193364e+01	5.929832e-01	1.214873e-04
2	5.202183e+01	5.973282e-01	1.213167e-04
2	5.210918e+01	6.019058e-01	1.221758e-04
2	5.219721e+01	6.061478e-01	1.216217e-04
2	5.228539e+01	6.105537e-01	1.215242e-04
2	5.237340e+01	6.150131e-01	1.216863e-04
2	5.246110e+01	6.193657e-01	1.221217e-04
2	5.254914e+01	6.238289e-01	1.217537e-04
2	5.263761e+01	6.281776e-01	1.213706e-04
2	5.272494e+01	6.325569e-01	1.216444e-04
2	5.281341e+01	6.369553e-01	1.216929e-04
2	5.290125e+01	6.414375e-01	1.219944e-04
2	5.298907e+01	6.458054e-01	1.217206e-04
2	5.307768e+01	6.501770e-01	1.221499e-04
2	5.316576e+01	6.546097e-01	1.218191e-04
2	5.325360e+01	6.589966e-01	1.214349e-04
2	5.334164e+01	6.633568e-01	1.214842e-04
2	5.342986e+01	6.678200e-01	1.214589e-04
2	5.351768e+01	6.721878e-01	1.217133e-04
2	5.360500e+01	6.766090e-01	1.220301e-04
2	5.369342e+01	6.809845e-01	1.219529e-04
2	5.378140e+01	6.853790e-01	1.218028e-04
2	5.386909e+01	6.898232e-01	1.219698e-04
2	5.395749e+01	6.941528e-01	1.220144e-04
2	5.404558e+01	6.985703e-01	1.221250e-04
2	5.413386e+01	7.030029e-01	1.221474e-04
2	5.422132e+01	7.072906e-01	1.220131e-04
2	5.430983e+01	7.118530e-01	1.220969e-04
2	5.439749e+01	7.161179e-01	1.218290e-04
2	5.448505e+01	7.205544e-01	1.221023e-04
2	5.457339e+01	7.249336e-01	1.218466e-04
2	5.466154e+01	7.293396e-01	1.219432e-04
2	5.474930e+01	7.336502e-01	1.219984e-04
2	5.483756e+01	7.380905e-01	1.223410e-04
2	5.492549e+01	7.425690e-01	1.225114e-04
2	5.501326e+01	7.469597e-01	1.222917e-04
2	5.510109e+01	7.513390e-01	1.217713e-04
2	5.518959e+01	7.557526e-01	1.223825e-04
2	5.527774e+01	7.601509e-01	1.223478e-04
2	5.536586e+01	7.646179e-01	1.224941e-04
2	5.545367e+01	7.689667e-01	1.224443e-04
2	5.554114e+01	7.734642e-01	1.227726e-04
2	5.562908e+01	7.777557e-01	1.225032e-04
2	5.571766e+01	7.820549e-01	1.219869e-04
2	5.580522e+01	7.866058e-01	1.223885e-04
2	5.589323e+01	7.908821e-01	1.223812e-04
2	5.598117e+01	7.953682e-01	1.225154e-04
2	5.606912e+01	7.998199e-01	1.228456e-04
2	5.615770e+01	8.040733e-01	1.223418e-04
2	5.624575e+01	8.085480e-01	1.225376e-04
2	5.633344e+01	8.129120e-01	1.222363e-04
2	5.642118e+01	8.174095e-01	1.227894e-04
2	5.650923e+01	8.216972e-01	1.225647e-04
2	5.659703e+01	8.261185e-01	1.222279e-04
2	5.668573e+01	8.305740e-01	1.226636e-04
2	5.677302e+01	8.349380e-01	1.227274e-04
2	5.686115e+01	8.392029e-01	1.222910e-04
2	5.694948e+01	8.438110e-01	1.226230e-04
2	5.703715e+01	8.481331e-01	1.225493e-04
2	5.712580e+01	8.524818e-01	1.224833e-04
2	5.721325e+01	8.568802e-01	1.228553e-04
2	5.730138e+01	8.612137e-01	1.223547e-04
2	5.738921e+01	8.658142e-01	1.230342e-04
2	5.747741e+01	8.702049e-01	1.228464e-04
2	5.756508e+01	8.745804e-01	1.229802e-04
2	5.765305e+01	8.789406e-01	1.228254e-04
2	5.774107e+01	8.834114e-01	1.229429e-04
2	5.782916e+01	8.877335e-01	1.229118e-04
2	5.791779e+01	8.922119e-01	1.229846e-04
2	5.800570e+01	8.965836e-01	1.226376e-04
2	5.809293e+01	9.010124e-01	1.227996e-04
2	5.818090e+01	9.053764e-01	1.227845e-04
2	5.826962e+01	9.097633e-01	1.229801e-04
2	5.835701e+01	9.141731e-01	1.229851e-04
2	5.844536e+01	9.185715e-01	1.231083e-04
2	5.853349e+01	9.228897e-01	1.229082e-04
2	5.862152e+01	9.274216e-01	1.229082e-04
2	5.870977e+01	9.316940e-01	1.228921e-04
2	5.879740e+01	9.361534e-01	1.228110e-04
2	5.888512e+01	9.404716e-01	1.226923e-04
2	5.897322e+01	9.449158e-01	1.230165e-04
2	5.906144e+01	9.493790e-01	1.233341e-04
2	5.914908e+01	9.537468e-01	1.230496e-04
2	5.923788e+01	9.581680e-01	1.233603e-04
2	5.932561e+01	9.625511e-01	1.229928e-04
2	5.941344e+01	9.669533e-01	1.228745e-04
2	5.950110e+01	9.713287e-01	1.228313e-04
2	5.958939e+01	9.756851e-01	1.230088e-04
2	5.967754e+01	9.801826e-01	1.229235e-04
2	5.976506e+01	9.845543e-01	1.226548e-04
2	5.985354e+01	9.887657e-01	1.230537e-04
2	5.994118e+01	9.934120e-01	1.234750e-04
2	6.002905e+01	9.977798e-01	1.232439e-04
2	6.011739e+01	9.992256e-01	1.006730e-04
2	6.020517e+01	9.946785e-01	4.037857e-05
2	6.029370e+01	9.902496e-01	-1.301408e-06
2	6.038113e+01	9.858322e-01	-3.165591e-05
2	6.046922e+01	9.814262e-01	-5.221105e-05
2	6.055711e+01	9.769554e-01	-6.737459e-05
2	6.064557e+01	9.726639e-01	-7.719946e-05
2	6.073361e+01	9.683113e-01	-8.482206e-05
2	6.082168e+01	9.638176e-01	-9.082961e-05
2	6.090932e+01	9.594307e-01	-9.455633e-05
2	6.099778e+01	9.549904e-01	-9.786975e-05
2	6.108560e+01	9.505768e-01	-1.006060e-04
2	6.117303e+01	9.461403e-01	-1.019034e-04
2	6.126145e+01	9.418373e-01	-1.031525e-04
2	6.134926e+01	9.374504e-01	-1.038208e-04
2	6.143777e+01	9.330673e-01	-1.051766e-04
2	6.152498e+01	9.286537e-01	-1.056023e-04
2	6.161327e+01	9.243240e-01	-1.061782e-04
2	6.170140e+01	9.199905e-01	-1.070681e-04
2	6.178946e+01	9.154739e-01	-1.073135e-04
2	6.187708e+01	9.110565e-01	-1.075004e-04
2	6.196517e+01	9.067078e-01	-1.073955e-04
2	6.205346e+01	9.022980e-01	-1.081750e-04
2	6.214189e+01	8.979416e-01	-1.081926e-04
2	6.222897e+01	8.934479e-01	-1.082857e-04
2	6.231737e+01	8.891106e-01	-1.089350e-04
2	6.240500e+01	8.846512e-01	-1.090505e-04
2	6.249332e+01	8.803291e-01	-1.089618e-04
2	6.258183e+01	8.758926e-01	-1.090121e-04
2	6.266959e+01	8.714371e-01	-1.096746e-04
2	6.275685e+01	8.671455e-01	-1.093739e-04
2	6.284507e+01	8.627853e-01	-1.095814e-04
2	6.293291e+01	8.582382e-01	-1.100599e-04
2	6.302175e+01	8.538628e-01	-1.104109e-04
2	6.310884e+01	8.494110e-01	-1.103313e-04
2	6.319750e+01	8.451271e-01	-1.102456e-04
2	6.328497e+01	8.407211e-01	-1.107042e-04
2	6.337369e+01	8.363419e-01	-1.103094e-04
2	6.346132e+01	8.318787e-01	-1.106544e-04
2	6.354891e+01	8.274536e-01	-1.109020e-04
2	6.363696e+01	8.232193e-01	-1.106828e-04
2	6.372563e+01	8.187332e-01	-1.109278e-04
2	6.381358e+01	8.143005e-01	-1.109318e-04
2	6.390165e+01	8.099327e-01	-1.112218e-04
2	6.398950e+01	8.055153e-01	-1.113105e-04
2	6.407685e+01	8.010750e-01	-1.109910e-04
2	6.416527e+01	7.967873e-01	-1.113794e-04
2	6.425360e+01	7.923355e-01	-1.113671e-04
2	6.434169e+01	7.878914e-01	-1.112033e-04
2	6.442893e+01	7.834473e-01	-1.119155e-04
2	6.451758e+01	7.790794e-01	-1.113482e-04
2	6.460510e+01	7.746201e-01	-1.117651e-04
2	6.469295e+01	7.702904e-01	-1.117966e-04
2	6.478129e+01	7.658920e-01	-1.115403e-04
2	6.486951e+01	7.615356e-01	-1.116625e-04
2	6.495696e+01	7.570877e-01	-1.116755e-04
2	6.504567e+01	7.525940e-01	-1.119921e-04
2	6.513298e+01	7.482681e-01	-1.118044e-04
2	6.522149e+01	7.439880e-01	-1.120024e-04
2	6.530980e+01	7.394142e-01	-1.118519e-04
2	6.539760e+01	7.350082e-01	-1.120038e-04
2	6.548566e+01	7.306900e-01	-1.117452e-04
2	6.557361e+01	7.262039e-01	-1.121737e-04
2	6.566157e+01	7.219048e-01	-1.116822e-04
2	6.574930e+01	7.175484e-01	-1.123223e-04
2	6.583765e+01	7.130089e-01	-1.125069e-04
2	6.592581e+01	7.086945e-01	-1.122977e-04
2	6.601321e+01	7.042694e-01	-1.124476e-04
2	6.610107e+01	6.999207e-01	-1.122531e-04
2	6.618939e+01	6.954727e-01	-1.125066e-04
2	6.627713e+01	6.911316e-01	-1.121838e-04
2	6.636497e+01	6.868706e-01	-1.124395e-04
2	6.645379e+01	6.822319e-01	-1.128256e-04
2	6.654095e+01	6.778831e-01	-1.129934e-04
2	6.662942e+01	6.735039e-01	-1.128303e-04
2	6.671769e+01	6.691055e-01	-1.128950e-04
2	6.680589e+01	6.647034e-01	-1.126876e-04
2	6.689325e+01	6.603432e-01	-1.128119e-04
2	6.698138e+01	6.559868e-01	-1.128328e-04
2	6.706960e+01	6.515350e-01	-1.131576e-04
2	6.715722e+01	6.472206e-01	-1.130937e-04
2	6.724508e+01	6.427803e-01	-1.129522e-04
2	6.733294e+01	6.384315e-01	-1.129150e-04
2	6.742168e+01	6.337891e-01	-1.130919e-04
2	6.750977e+01	6.295166e-01	-1.132165e-04
2	6.759748e+01	6.251221e-01	-1.131595e-04
2	6.768525e+01	6.207008e-01	-1.130887e-04
2	6.777374e+01	6.163254e-01	-1.133933e-04
2	6.786137e+01	6.119156e-01	-1.133232e-04
2	6.794956e+01	6.075516e-01	-1.135402e-04
2	6.803697e+01	6.031189e-01	-1.139632e-04
2	6.812590e+01	5.986938e-01	-1.137513e-04
2	6.821304e+01	5.942383e-01	-1.139358e-04
2	6.830145e+01	5.899582e-01	-1.135198e-04
2	6.838966e+01	5.855255e-01	-1.135752e-04
2	6.847684e+01	5.811996e-01	-1.135701e-04
2	6.856531e+01	5.768242e-01	-1.134621e-04
2	6.865375e+01	5.723495e-01	-1.135802e-04
2	6.874147e+01	5.679054e-01	-1.138257e-04
2	6.882948e+01	5.635223e-01	-1.135693e-04
2	6.891703e+01	5.591164e-01	-1.139129e-04
2	6.900589e+01	5.547066e-01	-1.132948e-04
2	6.909295e+01	5.503311e-01	-1.136919e-04
2	6.918186e+01	5.458755e-01	-1.136256e-04
2	6.926943e+01	5.415649e-01	-1.136569e-04
2	6.935694e+01	5.372009e-01	-1.134654e-04
2	6.944515e+01	5.328064e-01	-1.137211e-04
2	6.953318e+01	5.283470e-01	-1.138366e-04
2	6.962116e+01	5.240402e-01	-1.138541e-04
2	6.970936e+01	5.196075e-01	-1.135398e-04
2	6.979699e+01	5.151329e-01	-1.142852e-04
2	6.988581e+01	5.107651e-01	-1.139101e-04
2	6.997366e+01	5.063858e-01	-1.138071e-04
2	7.006121e+01	5.019035e-01	-1.140394e-04
2	7.014935e+01	4.976234e-01	-1.136436e-04
2	7.023749e+01	4.931450e-01	-1.141514e-04
2	7.032498e+01	4.887772e-01	-1.139172e-04
2	7.041381e+01	4.843826e-01	-1.144127e-04
2	7.050092e+01	4.799232e-01	-1.140194e-04
2	7.058984e+01	4.754944e-01	-1.141028e-04
2	7.067689e+01	4.711647e-01	-1.139985e-04
2	7.076590e+01	4.666901e-01	-1.144402e-04
2	7.085320e+01	4.622917e-01	-1.140419e-04
2	7.094179e+01	4.579391e-01	-1.143385e-04
2	7.102929e+01	4.535675e-01	-1.140200e-04
2	7.111789e+01	4.490852e-01	-1.143786e-04
2	7.120538e+01	4.446640e-01	-1.144670e-04
2	7.129388e+01	4.403496e-01	-1.140903e-04
2	7.138130e+01	4.358559e-01	-1.140980e-04
2	7.146905e+01	4.316521e-01	-1.141530e-04
2	7.155789e+01	4.272118e-01	-1.143874e-04
2	7.164589e+01	4.226913e-01	-1.145685e-04
2	7.173355e+01	4.183807e-01	-1.144972e-04
2	7.182138e+01	4.139748e-01	-1.147251e-04
2	7.190964e+01	4.096642e-01	-1.144050e-04
2	7.199742e+01	4.051208e-01	-1.144416e-04
2	7.208523e+01	4.007721e-01	-1.144702e-04
2	7.217342e+01	3.964348e-01	-1.145610e-04
2	7.226137e+01	3.920479e-01	-1.147022e-04
2	7.234983e+01	3.875275e-01	-1.144160e-04
2	7.243778e+01	3.831978e-01	-1.147624e-04
2	7.252549e+01	3.787308e-01	-1.148349e-04
2	7.261342e+01	3.743401e-01	-1.144931e-04
2	7.270176e+01	3.699799e-01	-1.147180e-04
2	7.278948e+01	3.656540e-01	-1.148796e-04
2	7.287726e+01	3.612022e-01	-1.151013e-04
2	7.296582e+01	3.567276e-01	-1.150810e-04
2	7.305349e+01	3.524208e-01	-1.145244e-04
2	7.314109e+01	3.479385e-01	-1.152378e-04
2	7.322948e+01	3.436241e-01	-1.150423e-04
2	7.331768e+01	3.391418e-01	-1.150587e-04
2	7.340570e+01	3.347054e-01	-1.149827e-04
2	7.349331e+01	3.304214e-01	-1.144816e-04
2	7.358107e+01	3.260994e-01	-1.144140e-04
2	7.366908e+01	3.215828e-01	-1.146982e-04
2	7.375735e+01	3.172073e-01	-1.149862e-04
2	7.384483e+01	3.127480e-01	-1.151768e-04
2	7.393320e+01	3.084106e-01	-1.150465e-04
2	7.402157e+01	3.038788e-01	-1.149869e-04
2	7.410935e+01	2.996216e-01	-1.150910e-04
2	7.419709e+01	2.952499e-01	-1.146621e-04
2	7.428513e+01	2.908859e-01	-1.150517e-04
2	7.437335e+01	2.864914e-01	-1.151032e-04
2	7.446093e+01	2.820206e-01	-1.149583e-04
2	7.454966e+01	2.775688e-01	-1.157008e-04
2	7.463711e+01	2.732620e-01	-1.146687e-04
2	7.472569e+01	2.688293e-01	-1.150405e-04
2	7.481369e+01	2.643318e-01	-1.153671e-04
2	7.490165e+01	2.599564e-01	-1.151919e-04
2	7.498989e+01	2.556915e-01	-1.148661e-04
2	7.507693e+01	2.511597e-01	-1.155231e-04
2	7.516529e+01	2.467766e-01	-1.151298e-04
2	7.525350e+01	2.424812e-01	-1.150571e-04
2	7.534085e+01	2.379837e-01	-1.158643e-04
2	7.542964e+01	2.334976e-01	-1.155601e-04
2	7.551703e+01	2.291832e-01	-1.154379e-04
2	7.560538e+01	2.248688e-01	-1.152048e-04
2	7.569293e+01	2.204056e-01	-1.154346e-04
2	7.578132e+01	2.160339e-01	-1.158845e-04
2	7.586910e+01	2.116280e-01	-1.153642e-04
2	7.595703e+01	2.072945e-01	-1.150301e-04
2	7.604562e+01	2.028389e-01	-1.151471e-04
2	7.613363e+01	1.983643e-01	-1.154439e-04
2	7.622135e+01	1.940498e-01	-1.155860e-04
2	7.630954e+01	1.895905e-01	-1.157446e-04
2	7.639707e+01	1.853142e-01	-1.149809e-04
2	7.648525e+01	1.808510e-01	-1.156163e-04
2	7.657328e+01	1.765099e-01	-1.151423e-04
2	7.666109e+01	1.720352e-01	-1.154125e-04
2	7.674933e+01	1.675873e-01	-1.159995e-04
2	7.683725e+01	1.632233e-01	-1.157874e-04
2	7.692576e+01	1.588364e-01	-1.152866e-04
2	7.701308e+01	1.544914e-01	-1.153558e-04
2	7.710128e+01	1.500435e-01	-1.161069e-04
2	7.718986e+01	1.456032e-01	-1.159556e-04
2	7.727757e+01	1.411819e-01	-1.158437e-04
2	7.736579e+01	1.368027e-01	-1.154923e-04
2	7.745362e+01	1.324120e-01	-1.159477e-04
2	7.754092e+01	1.280632e-01	-1.155488e-04
2	7.762962e+01	1.236763e-01	-1.156490e-04
2	7.771743e+01	1.192131e-01	-1.157302e-04
2	7.780557e+01	1.148300e-01	-1.162956e-04
2	7.789318e+01	1.103630e-01	-1.161853e-04
2	7.798096e+01	1.060257e-01	-1.161124e-04
2	7.806904e+01	1.016808e-01	-1.154828e-04
2	7.815726e+01	9.726715e-02	-1.155800e-04
2	7.824560e+01	9.286499e-02	-1.155200e-04
2	7.833302e+01	8.843994e-02	-1.159139e-04
2	7.842121e+01	8.390045e-02	-1.162406e-04
2	7.850973e+01	7.963181e-02	-1.156549e-04
2	7.859759e+01	7.531357e-02	-1.154298e-04
2	7.868569e+01	7.076263e-02	-1.157808e-04
2	7.877298e+01	6.650543e-02	-1.156620e-04
2	7.886107e+01	6.214523e-02	-1.156230e-04
2	7.894932e+01	5.764771e-02	-1.158023e-04
2	7.903775e+01	5.329514e-02	-1.158987e-04
2	7.912501e+01	4.893494e-02	-1.159377e-04
2	7.921310e+01	4.455185e-02	-1.157789e-04
2	7.930157e+01	4.009247e-02	-1.160945e-04
2	7.938977e+01	3.560638e-02	-1.162924e-04
2	7.947726e+01	3.122330e-02	-1.163369e-04
2	7.956534e+01	2.698898e-02	-1.158251e-04
2	7.965292e+01	2.251816e-02	-1.163250e-04
2	7.974157e+01	1.816559e-02	-1.162536e-04
2	7.982920e+01	1.377487e-02	-1.156555e-04
2	7.991782e+01	9.281158e-03	-1.159822e-04
3	8.000514e+01	4.829407e-03	-1.164118e-04
3	8.009335e+01	1.052856e-03	-1.131663e-04
3	8.018176e+01	5.413055e-03	-4.754531e-05
3	8.026937e+01	9.860992e-03	-9.170771e-07
3	8.035735e+01	1.432800e-02	3.151357e-05
3	8.044506e+01	1.869202e-02	5.408072e-05
3	8.053371e+01	2.317047e-02	7.031202e-05
3	8.062177e+01	2.755737e-02	8.217609e-05
3	8.070958e+01	3.188705e-02	8.969712e-05
3	8.079758e+01	3.626633e-02	9.645247e-05
3	8.088492e+01	4.065323e-02	1.009700e-04
3	8.097295e+01	4.515457e-02	1.041108e-04
3	8.106148e+01	4.949951e-02	1.068558e-04
3	8.114938e+01	5.401993e-02	1.084275e-04
3	8.123699e+01	5.837631e-02	1.096580e-04
3	8.132575e+01	6.279755e-02	1.108618e-04
3	8.141381e+01	6.723404e-02	1.122854e-04
3	8.150139e+01	7.163239e-02	1.129774e-04
3	8.158918e+01	7.585144e-02	1.131881e-04
3	8.167777e+01	8.029938e-02	1.136292e-04
3	8.176525e+01	8.494568e-02	1.142533e-04
3	8.185373e+01	8.898544e-02	1.143074e-04
3	8.194118e+01	9.350967e-02	1.143663e-04
3	8.202989e+01	9.791946e-02	1.147646e-04
3	8.211777e+01	1.024246e-01	1.152650e-04
3	8.220553e+01	1.067009e-01	1.152813e-04
3	8.229347e+01	1.109886e-01	1.155235e-04
3	8.238101e+01	1.155090e-01	1.157317e-04
3	8.246977e+01	1.199341e-01	1.163219e-04
3	8.255711e+01	1.243629e-01	1.161593e-04
3	8.264519e+01	1.286964e-01	1.163863e-04
3	8.273361e+01	1.329994e-01	1.163791e-04
3	8.282158e+01	1.374741e-01	1.163453e-04
3	8.290952e+01	1.418800e-01	1.166217e-04
3	8.299770e+01	1.463165e-01	1.168851e-04
3	8.308560e+01	1.507187e-01	1.168307e-04
3	8.317310e+01	1.551628e-01	1.173521e-04
3	8.326162e+01	1.596184e-01	1.172988e-04
3	8.334963e+01	1.639481e-01	1.173595e-04
3	8.343707e+01	1.682930e-01	1.170772e-04
3	8.352514e+01	1.726112e-01	1.172049e-04
3	8.361386e+01	1.770096e-01	1.172298e-04
3	8.370163e+01	1.814804e-01	1.177309e-04
3	8.378912e+01	1.858406e-01	1.178080e-04
3	8.387769e+01	1.902466e-01	1.179681e-04
3	8.396518e+01	1.945763e-01	1.175755e-04
3	8.405338e+01	1.991539e-01	1.182772e-04
3	8.414098e+01	2.034454e-01	1.179221e-04
3	8.422948e+01	2.078896e-01	1.181082e-04
3	8.431780e+01	2.122536e-01	1.181961e-04
3	8.440565e+01	2.167168e-01	1.187087e-04
3	8.449387e+01	2.211227e-01	1.182822e-04
3	8.458138e+01	2.255630e-01	1.188462e-04
3	8.466939e+01	2.298851e-01	1.182708e-04
3	8.475745e+01	2.342834e-01	1.186662e-04
3	8.484576e+01	2.386513e-01	1.185261e-04
3	8.493347e+01	2.431030e-01	1.187760e-04
3	8.502168e+01	2.475128e-01	1.190242e-04
3	8.510921e+01	2.519188e-01	1.191258e-04
3	8.519704e+01	2.563210e-01	1.189835e-04
3	8.528531e+01	2.606087e-01	1.189207e-04
3	8.537345e+01	2.651405e-01	1.192129e-04
3	8.546146e+01	2.694664e-01	1.189021e-04
3	8.554912e+01	2.739182e-01	1.189240e-04
3	8.563750e+01	2.781754e-01	1.189649e-04
3	8.572499e+01	2.826347e-01	1.192633e-04
3	8.581360e+01	2.870827e-01	1.193415e-04
3	8.590133e+01	2.913742e-01	1.191242e-04
3	8.598892e+01	2.958755e-01	1.192292e-04
3	8.607732e+01	3.003273e-01	1.191527e-04
3	8.616577e+01	3.047791e-01	1.191800e-04
3	8.625343e+01	3.091545e-01	1.192104e-04
3	8.634103e+01	3.134155e-01	1.193441e-04
3	8.642921e+01	3.178291e-01	1.191959e-04
3	8.651717e+01	3.222733e-01	1.193569e-04
3	8.660486e+01	3.266068e-01	1.193130e-04
3	8.669287e+01	3.309364e-01	1.195592e-04
3	8.678147e+01	3.353806e-01	1.196407e-04
3	8.686934e+01	3.398323e-01	1.203474e-04
3	8.695789e+01	3.442574e-01	1.198030e-04
3	8.704564e+01	3.486252e-01	1.205668e-04
3	8.713335e+01	3.531113e-01	1.203896e-04
3	8.722174e+01	3.573112e-01	1.202377e-04
3	8.730894e+01	3.618965e-01	1.199118e-04
3	8.739789e+01	3.661957e-01	1.202854e-04
3	8.748533e+01	3.706474e-01	1.199793e-04
3	8.757328e+01	3.752098e-01	1.202214e-04
3	8.766125e+01	3.794327e-01	1.199791e-04
3	8.774916e+01	3.838387e-01	1.204749e-04
3	8.783693e+01	3.882866e-01	1.202520e-04
3	8.792502e+01	3.926468e-01	1.202427e-04
3	8.801296e+01	3.970222e-01	1.201257e-04
3	8.810161e+01	4.013786e-01	1.201477e-04
3	8.818936e+01	4.058418e-01	1.203061e-04
3	8.827749e+01	4.103546e-01	1.204145e-04
3	8.836583e+01	4.145584e-01	1.198877e-04
3	8.845362e+01	4.190674e-01	1.204426e-04
3	8.854185e+01	4.235611e-01	1.206398e-04
3	8.862887e+01	4.278412e-01	1.203216e-04
3	8.871703e+01	4.322014e-01	1.204655e-04
3	8.880538e+01	4.366951e-01	1.206410e-04
3	8.889292e+01	4.411392e-01	1.206702e-04
3	8.898155e+01	4.454002e-01	1.201907e-04
3	8.906943e+01	4.499016e-01	1.206195e-04
3	8.915732e+01	4.543076e-01	1.204804e-04
3	8.924521e+01	4.586182e-01	1.204815e-04
3	8.933354e+01	4.629288e-01	1.205373e-04
3	8.942169e+01	4.674339e-01	1.207038e-04
3	8.950961e+01	4.718475e-01	1.209267e-04
3	8.959698e+01	4.762077e-01	1.209514e-04
3	8.968504e+01	4.806099e-01	1.206992e-04
3	8.977339e+01	4.848633e-01	1.205368e-04
3	8.986171e+01	4.894867e-01	1.209475e-04
3	8.994919e+01	4.939537e-01	1.211604e-04
3	9.003719e+01	4.981842e-01	1.215823e-04
3	9.012507e+01	5.027199e-01	1.210980e-04
3	9.021293e+01	5.069847e-01	1.210568e-04
3	9.030181e+01	5.114594e-01	1.211617e-04
3	9.038934e+01	5.158806e-01	1.213558e-04
3	9.047714e+01	5.201912e-01	1.208147e-04
3	9.056503e+01	5.246696e-01	1.212658e-04
3	9.065385e+01	5.290260e-01	1.205722e-04
3	9.074123e+01	5.334892e-01	1.211838e-04
3	9.082934e+01	5.378914e-01	1.212828e-04
3	9.091737e+01	5.421677e-01	1.210983e-04
3	9.100533e+01	5.466652e-01	1.211466e-04
3	9.109347e+01	5.510559e-01	1.210399e-04
3	9.118159e+01	5.553703e-01	1.212065e-04
3	9.126969e+01	5.597992e-01	1.215525e-04
3	9.135752e+01	5.642395e-01	1.213653e-04
3	9.144564e+01	5.686188e-01	1.212407e-04
3	9.153335e+01	5.729942e-01	1.212209e-04
3	9.162087e+01	5.773582e-01	1.213006e-04
3	9.170896e+01	5.817261e-01	1.214176e-04
3	9.179755e+01	5.860939e-01	1.214243e-04
3	9.188537e+01	5.904999e-01	1.212285e-04
3	9.197350e+01	5.950508e-01	1.218472e-04
3	9.206096e+01	5.993195e-01	1.213081e-04
3	9.214969e+01	6.037178e-01	1.213247e-04
3	9.223749e+01	6.082039e-01	1.215132e-04
3	9.232493e+01	6.125984e-01	1.214881e-04
3	9.241328e+01	6.170044e-01	1.218406e-04
3	9.250111e+01	6.213722e-01	1.217927e-04
3	9.258909e+01	6.257973e-01	1.219473e-04
3	9.267783e+01	6.302452e-01	1.217225e-04
3	9.276576e+01	6.346931e-01	1.218174e-04
3	9.285349e+01	6.389771e-01	1.219372e-04
3	9.294183e+01	6.434402e-01	1.215223e-04
3	9.302980e+01	6.477432e-01	1.216480e-04
3	9.311737e+01	6.522293e-01	1.218780e-04
3	9.320540e+01	6.566544e-01	1.214345e-04
3	9.329334e+01	6.610527e-01	1.221374e-04
3	9.338176e+01	6.654396e-01	1.218692e-04
3	9.346963e+01	6.698036e-01	1.218666e-04
3	9.355774e+01	6.742096e-01	1.219494e-04
3	9.364575e+01	6.785202e-01	1.221321e-04
3	9.373323e+01	6.829529e-01	1.219996e-04
3	9.382161e+01	6.874428e-01	1.220379e-04
3	9.390975e+01	6.917839e-01	1.217920e-04
3	9.399701e+01	6.961365e-01	1.216350e-04
3	9.408510e+01	7.006187e-01	1.222341e-04
3	9.417373e+01	7.049026e-01	1.220723e-04
3	9.426100e+01	7.094078e-01	1.220409e-04
3	9.434941e+01	7.137909e-01	1.220391e-04
3	9.443769e+01	7.180443e-01	1.221389e-04
3	9.452565e+01	7.225533e-01	1.221045e-04
3	9.461335e+01	7.270470e-01	1.219958e-04
3	9.470135e+01	7.313690e-01	1.219959e-04
3	9.478976e+01	7.357292e-01	1.222301e-04
3	9.487762e+01	7.401199e-01	1.220268e-04
3	9.496569e+01	7.444611e-01	1.225055e-04
3	9.505358e+01	7.489662e-01	1.219056e-04
3	9.514176e+01	7.534523e-01	1.214629e-04
3	9.522943e+01	7.579193e-01	1.222142e-04
3	9.531778e+01	7.621651e-01	1.222174e-04
3	9.540570e+01	7.665596e-01	1.220465e-04
3	9.549349e+01	7.709694e-01	1.220996e-04
3	9.558174e+01	7.753448e-01	1.222203e-04
3	9.566963e+01	7.797241e-01	1.223265e-04
3	9.575725e+01	7.841949e-01	1.225193e-04
3	9.584517e+01	7.884941e-01	1.222571e-04
3	9.593353e+01	7.929497e-01	1.220948e-04
3	9.602139e+01	7.972984e-01	1.227175e-04
3	9.610924e+01	8.018570e-01	1.226602e-04
3	9.619748e+01	8.060951e-01	1.221859e-04
3	9.628544e+01	8.104782e-01	1.224294e-04
3	9.637294e+01	8.150711e-01	1.223325e-04
3	9.646184e+01	8.193092e-01	1.222063e-04
3	9.654949e+01	8.238487e-01	1.224658e-04
3	9.663721e+01	8.282356e-01	1.223402e-04
3	9.672576e+01	8.325844e-01	1.228516e-04
3	9.681292e+01	8.369713e-01	1.222616e-04
3	9.690183e+01	8.413048e-01	1.225531e-04
3	9.698911e+01	8.457069e-01	1.221805e-04
3	9.707686e+01	8.500824e-01	1.225863e-04
3	9.716540e+01	8.544884e-01	1.227282e-04
3	9.725326e+01	8.589745e-01	1.229661e-04
3	9.734132e+01	8.633537e-01	1.228927e-04
3	9.742975e+01	8.678055e-01	1.226537e-04
3	9.751709e+01	8.721848e-01	1.227916e-04
3	9.760570e+01	8.765488e-01	1.226754e-04
3	9.769349e+01	8.809204e-01	1.228230e-04
3	9.778154e+01	8.853531e-01	1.229538e-04
3	9.786890e+01	8.897705e-01	1.226940e-04
3	9.795736e+01	8.942070e-01	1.232048e-04
3	9.804562e+01	8.984985e-01	1.225244e-04
3	9.813329e+01	9.029846e-01	1.228229e-04
3	9.822154e+01	9.073372e-01	1.226994e-04
3	9.830967e+01	9.117622e-01	1.228689e-04
3	9.839695e+01	9.160881e-01	1.227239e-04
3	9.848582e+01	9.205399e-01	1.229161e-04
3	9.857387e+01	9.249611e-01	1.228608e-04
3	9.866154e+01	9.292908e-01	1.228783e-04
3	9.874897e+01	9.337425e-01	1.224558e-04
3	9.883786e+01	9.380531e-01	1.228070e-04
3	9.892563e+01	9.425507e-01	1.227964e-04
3	9.901307e+01	9.468880e-01	1.229916e-04
3	9.910106e+01	9.512596e-01	1.230077e-04
3	9.918928e+01	9.557037e-01	1.227978e-04
3	9.927784e+01	9.600563e-01	1.230402e-04
3	9.936529e+01	9.644890e-01	1.233116e-04
3	9.945318e+01	9.689331e-01	1.232729e-04
3	9.954179e+01	9.732323e-01	1.231775e-04
3	9.962957e+01	9.777451e-01	1.231761e-04
3	9.971746e+01	9.820518e-01	1.234763e-04
3	9.980519e+01	9.865036e-01	1.236576e-04
3	9.989288e+01	9.909401e-01	1.237156e-04
3	9.998150e+01	9.953003e-01	1.233890e-04
3	1.000694e+02	9.996986e-01	1.233616e-04
3	1.001575e+02	9.970932e-01	6.985354e-05
3	1.002453e+02	9.927864e-01	1.929331e-05
3	1.003333e+02	9.882889e-01	-1.653516e-05
3	1.004214e+02	9.838753e-01	-4.227304e-05
3	1.005099e+02	9.795036e-01	-5.962598e-05
3	1.005978e+02	9.749832e-01	-7.259715e-05
3	1.006856e+02	9.706230e-01	-8.140302e-05
3	1.007735e+02	9.662399e-01	-8.814394e-05
3	1.008610e+02	9.617767e-01	-9.303939e-05
3	1.009498e+02	9.574051e-01	-9.636486e-05
3	1.010373e+02	9.530144e-01	-9.905410e-05
3	1.011253e+02	9.486122e-01	-1.009848e-04
3	1.012129e+02	9.442329e-01	-1.026493e-04
3	1.013019e+02	9.397850e-01	-1.036352e-04
3	1.013892e+02	9.353905e-01	-1.044774e-04
3	1.014773e+02	9.310722e-01	-1.053723e-04
3	1.015655e+02	9.266396e-01	-1.057862e-04
3	1.016536e+02	9.222221e-01	-1.063637e-04
3	1.017416e+02	9.178810e-01	-1.069055e-04
3	1.018292e+02	9.134293e-01	-1.072434e-04
3	1.019171e+02	9.090691e-01	-1.080999e-04
3	1.020049e+02	9.046898e-01	-1.078151e-04
3	1.020931e+02	9.002342e-01	-1.083860e-04
3	1.021817e+02	8.958359e-01	-1.082295e-04
3	1.022698e+02	8.914871e-01	-1.087555e-04
3	1.023571e+02	8.870888e-01	-1.088256e-04
3	1.024450e+02	8.826752e-01	-1.090348e-04
3	1.025329e+02	8.783455e-01	-1.089466e-04
3	1.026212e+02	8.738632e-01	-1.094073e-04
3	1.027093e+02	8.695374e-01	-1.095167e-04
3	1.027969e+02	8.651047e-01	-1.099902e-04
3	1.028857e+02	8.605995e-01	-1.103537e-04
3	1.029738e+02	8.562393e-01	-1.099656e-04
3	1.030612e+02	8.518257e-01	-1.100819e-04
3	1.031491e+02	8.474197e-01	-1.101248e-04
3	1.032374e+02	8.430405e-01	-1.101807e-04
3	1.033251e+02	8.386612e-01	-1.103150e-04
3	1.034136e+02	8.342972e-01	-1.104796e-04
3	1.035019e+02	8.298836e-01	-1.105670e-04
3	1.035892e+02	8.253517e-01	-1.106794e-04
3	1.036778e+02	8.210869e-01	-1.105967e-04
3	1.037657e+02	8.166275e-01	-1.108735e-04
3	1.038538e+02	8.122139e-01	-1.106867e-04
3	1.039416e+02	8.079033e-01	-1.105878e-04
3	1.040296e+02	8.034821e-01	-1.109895e-04
3	1.041175e+02	7.991753e-01	-1.112542e-04
3	1.042056e+02	7.946930e-01	-1.110907e-04
3	1.042938e+02	7.903824e-01	-1.113962e-04
3	1.043810e+02	7.858238e-01	-1.117098e-04
3	1.044694e+02	7.816048e-01	-1.113809e-04
3	1.045571e+02	7.771378e-01	-1.117285e-04
3	1.046452e+02	7.727089e-01	-1.116560e-04
3	1.047338e+02	7.683678e-01	-1.119493e-04
3	1.048217e+02	7.639084e-01	-1.115595e-04
3	1.049091e+02	7.595062e-01	-1.116573e-04
3	1.049971e+02	7.551193e-01	-1.118891e-04
3	1.050854e+02	7.507210e-01	-1.118289e-04
3	1.051730e+02	7.463188e-01	-1.120837e-04
3	1.052619e+02	7.420578e-01	-1.119174e-04
3	1.053495e+02	7.375031e-01	-1.121053e-04
3	1.054370e+02	7.331390e-01	-1.123892e-04
3	1.055253e+02	7.286873e-01	-1.122596e-04
3	1.056135e+02	7.242775e-01	-1.121936e-04
3	1.057016e+02	7.198792e-01	-1.119595e-04
3	1.057897e+02	7.154884e-01	-1.123686e-04
3	1.058778e+02	7.110329e-01	-1.125075e-04
3	1.059657e+02	7.066040e-01	-1.125833e-04
3	1.060529e+02	7.022972e-01	-1.125931e-04
3	1.061411e+02	6.979446e-01	-1.124624e-04
3	1.062298e+02	6.935196e-01	-1.124358e-04
3	1.063175e+02	6.891556e-01	-1.128813e-04
3	1.064050e+02	6.848183e-01	-1.127698e-04
3	1.064933e+02	6.803932e-01	-1.127274e-04
3	1.065810e+02	6.758614e-01	-1.129051e-04
3	1.066695e+02	6.715431e-01	-1.128885e-04
3	1.067576e+02	6.671638e-01	-1.132227e-04
3	1.068453e+02	6.627502e-01	-1.127377e-04
3	1.069329e+02	6.583138e-01	-1.130259e-04
3	1.070218e+02	6.538887e-01	-1.128850e-04
3	1.071088e+02	6.494904e-01	-1.131372e-04
3	1.071970e+02	6.451035e-01	-1.126155e-04
3	1.072854e+02	6.407242e-01	-1.130525e-04
3	1.073731e+02	6.363564e-01	-1.128668e-04
3	1.074610e+02	6.320152e-01	-1.130446e-04
3	1.075492e+02	6.275215e-01	-1.131543e-04
3	1.076377e+02	6.231117e-01	-1.132103e-04
3	1.077257e+02	6.187744e-01	-1.129452e-04
3	1.078130e+02	6.143379e-01	-1.132303e-04
3	1.079010e+02	6.098938e-01	-1.136310e-04
3	1.079890e+02	6.055489e-01	-1.135545e-04
3	1.080773e+02	6.011009e-01	-1.136564e-04
3	1.081657e+02	5.967369e-01	-1.139416e-04
3	1.082533e+02	5.924721e-01	-1.134106e-04
3	1.083412e+02	5.880165e-01	-1.135465e-04
3	1.084294e+02	5.835953e-01	-1.135669e-04
3	1.085177e+02	5.790558e-01	-1.138031e-04
3	1.086055e+02	5.746307e-01	-1.135644e-04
3	1.086937e+02	5.704002e-01	-1.131387e-04
3	1.087810e+02	5.660362e-01	-1.137651e-04
3	1.088689e+02	5.615463e-01	-1.137637e-04
3	1.089571e+02	5.571632e-01	-1.137389e-04
3	1.090455e+02	5.527573e-01	-1.134702e-04
3	1.091339e+02	5.483017e-01	-1.136987e-04
3	1.092214e+02	5.440598e-01	-1.134262e-04
3	1.093094e+02	5.395508e-01	-1.136229e-04
3	1.093977e+02	5.351715e-01	-1.139321e-04
3	1.094854e+02	5.306587e-01	-1.140230e-04
3	1.095732e+02	5.264587e-01	-1.137105e-04
3	1.096614e+02	5.221062e-01	-1.136813e-04
3	1.097493e+02	5.175514e-01	-1.139485e-04
3	1.098371e+02	5.132713e-01	-1.140689e-04
3	1.099256e+02	5.089836e-01	-1.137849e-04
3	1.100138e+02	5.042343e-01	-1.141448e-04
3	1.101019e+02	4.999809e-01	-1.140420e-04
3	1.101889e+02	4.955635e-01	-1.138003e-04
3	1.102779e+02	4.912224e-01	-1.136791e-04
3	1.103658e+02	4.865952e-01	-1.149173e-04
3	1.104531e+02	4.823189e-01	-1.143537e-04
3	1.105412e+02	4.779396e-01	-1.145573e-04
3	1.106295e+02	4.735832e-01	-1.137859e-04
3	1.107171e+02	4.690285e-01	-1.143895e-04
3	1.108055e+02	4.648094e-01	-1.140881e-04
3	1.108937e+02	4.602394e-01	-1.142217e-04
3	1.109811e+02	4.558716e-01	-1.142193e-04
3	1.110689e+02	4.515495e-01	-1.143644e-04
3	1.111577e+02	4.471397e-01	-1.141094e-04
3	1.112454e+02	4.427071e-01	-1.142694e-04
3	1.113336e+02	4.383583e-01	-1.144536e-04
3	1.114219e+02	4.339218e-01	-1.145588e-04
3	1.115097e+02	4.295959e-01	-1.143531e-04
3	1.115977e+02	4.251289e-01	-1.145359e-04
3	1.116853e+02	4.207802e-01	-1.143405e-04
3	1.117738e+02	4.163475e-01	-1.145605e-04
3	1.118616e+02	4.119072e-01	-1.143546e-04
3	1.119491e+02	4.075279e-01	-1.143689e-04
3	1.120375e+02	4.031677e-01	-1.143967e-04
3	1.121254e+02	3.987808e-01	-1.139745e-04
3	1.122131e+02	3.943367e-01	-1.145110e-04
3	1.123017e+02	3.899231e-01	-1.145756e-04
3	1.123890e+02	3.856049e-01	-1.146631e-04
3	1.124776e+02	3.812828e-01	-1.145489e-04
3	1.125657e+02	3.767052e-01	-1.150808e-04
3	1.126535e+02	3.724060e-01	-1.143966e-04
3	1.127413e+02	3.679924e-01	-1.146576e-04
3	1.128294e+02	3.635406e-01	-1.150149e-04
3	1.129177e+02	3.591652e-01	-1.147677e-04
3	1.130058e+02	3.547859e-01	-1.150624e-04
3	1.130932e+02	3.503647e-01	-1.147598e-04
3	1.131810e+02	3.460159e-01	-1.149579e-04
3	1.132692e+02	3.415680e-01	-1.149330e-04
3	1.133569e+02	3.372383e-01	-1.147854e-04
3	1.134453e+02	3.328094e-01	-1.150626e-04
3	1.135331e+02	3.283920e-01	-1.150721e-04
3	1.136216e+02	3.240204e-01	-1.147865e-04
3	1.137091e+02	3.196182e-01	-1.149036e-04
3	1.137975e+02	3.152275e-01	-1.149852e-04
3	1.138858e+02	3.108406e-01	-1.150550e-04
3	1.139731e+02	3.063927e-01	-1.148937e-04
3	1.140614e+02	3.021317e-01	-1.146382e-04
3	1.141492e+02	2.975502e-01	-1.151088e-04
3	1.142374e+02	2.931747e-01	-1.148853e-04
3	1.143255e+02	2.888718e-01	-1.149055e-04
3	1.144137e+02	2.843857e-01	-1.152146e-04
3	1.145018e+02	2.800064e-01	-1.148233e-04
3	1.145895e+02	2.756081e-01	-1.151516e-04
3	1.146773e+02	2.713165e-01	-1.146448e-04
3	1.147653e+02	2.667580e-01	-1.154492e-04
3	1.148530e+02	2.623825e-01	-1.150450e-04
3	1.149409e+02	2.580643e-01	-1.150374e-04
3	1.150291e+02	2.537155e-01	-1.149664e-04
3	1.151173e+02	2.492714e-01	-1.151969e-04
3	1.152053e+02	2.449036e-01	-1.149353e-04
3	1.152932e+02	2.403259e-01	-1.154557e-04
3	1.153814e+02	2.358932e-01	-1.154845e-04
3	1.154690e+02	2.316589e-01	-1.154495e-04
3	1.155572e+02	2.271004e-01	-1.152134e-04
3	1.156451e+02	2.228394e-01	-1.149862e-04
3	1.157331e+02	2.184753e-01	-1.152710e-04
3	1.158212e+02	2.140694e-01	-1.152421e-04
3	1.159096e+02	2.096710e-01	-1.153123e-04
3	1.159978e+02	2.051010e-01	-1.156018e-04
3	1.160856e+02	2.008934e-01	-1.152754e-04
3	1.161730e+02	1.963463e-01	-1.156378e-04
3	1.162617e+02	1.920433e-01	-1.153971e-04
3	1.163494e+02	1.875992e-01	-1.150620e-04
3	1.164372e+02	1.833305e-01	-1.150628e-04
3	1.165257e+02	1.789322e-01	-1.149724e-04
3	1.166134e+02	1.743774e-01	-1.154921e-04
3	1.167016e+02	1.700287e-01	-1.152564e-04
3	1.167891e+02	1.656532e-01	-1.155996e-04
3	1.168773e+02	1.612663e-01	-1.152087e-04
3	1.169650e+02	1.568489e-01	-1.153110e-04
3	1.170539e+02	1.524315e-01	-1.153253e-04
3	1.171419e+02	1.479797e-01	-1.157756e-04
3	1.172295e+02	1.435394e-01	-1.159199e-04
3	1.173175e+02	1.392555e-01	-1.155357e-04
3	1.174049e+02	1.348839e-01	-1.157671e-04
3	1.174939e+02	1.304359e-01	-1.156901e-04
3	1.175811e+02	1.261024e-01	-1.155173e-04
3	1.176696e+02	1.217651e-01	-1.154751e-04
3	1.177575e+02	1.172523e-01	-1.161665e-04
3	1.178451e+02	1.128845e-01	-1.160864e-04
3	1.179330e+02	1.083794e-01	-1.159995e-04
3	1.180214e+02	1.040230e-01	-1.159457e-04
3	1.181097e+02	9.969330e-02	-1.154715e-04
3	1.181975e+02	9.529495e-02	-1.161263e-04
3	1.182854e+02	9.084320e-02	-1.158600e-04
3	1.183738e+02	8.643723e-02	-1.159903e-04
3	1.184609e+02	8.207321e-02	-1.161853e-04
3	1.185490e+02	7.759857e-02	-1.161500e-04
3	1.186370e+02	7.321930e-02	-1.157323e-04
3	1.187254e+02	6.887436e-02	-1.158043e-04
3	1.188131e+02	6.446457e-02	-1.163085e-04
3	1.189016e+02	5.999374e-02	-1.163852e-04
3	1.189898e+02	5.567551e-02	-1.160021e-04
3	1.190774e+02	5.123901e-02	-1.160969e-04
3	1.191651e+02	4.687881e-02	-1.162518e-04
3	1.192535e+02	4.249954e-02	-1.159935e-04
3	1.193418e+02	3.800201e-02	-1.160020e-04
3	1.194292e+02	3.364563e-02	-1.158271e-04
3	1.195174e+02	2.931213e-02	-1.159183e-04
3	1.196052e+02	2.490616e-02	-1.161458e-04
3	1.196938e+02	2.034760e-02	-1.158823e-04
3	1.197813e+02	1.612091e-02	-1.161695e-04
3	1.198690e+02	1.170731e-02	-1.159687e-04
3	1.199572e+02	7.373810e-03	-1.154541e-04
