Cycle number	Elapsed time (s)	Potential (V)	Current (A)
1	1.042409e-01	1.159668e-03	1.042151e-05
1	1.917634e-01	2.857208e-03	2.110744e-05
1	2.799703e-01	4.608154e-03	2.856529e-05
1	3.674085e-01	6.546021e-03	3.400314e-05
1	4.561686e-01	8.193970e-03	3.720582e-05
1	5.440970e-01	1.001740e-02	4.014134e-05
1	6.322050e-01	1.166916e-02	4.156220e-05
1	7.196251e-01	1.352692e-02	4.313505e-05
1	8.073718e-01	1.521301e-02	4.354477e-05
1	8.962098e-01	1.702881e-02	4.453659e-05
1	9.840433e-01	1.870346e-02	4.475725e-05
1	1.072232e+00	2.051926e-02	4.550850e-05
1	1.159808e+00	2.222061e-02	4.543376e-05
1	1.247300e+00	2.405930e-02	4.615486e-05
1	1.335362e+00	2.587128e-02	4.572308e-05
1	1.423817e+00	2.745438e-02	4.595685e-05
1	1.511460e+00	2.934265e-02	4.602861e-05
1	1.600063e+00	3.110123e-02	4.677391e-05
1	1.687515e+00	3.270721e-02	4.632747e-05
1	1.775402e+00	3.454971e-02	4.646528e-05
1	1.863719e+00	3.624725e-02	4.632771e-05
1	1.951374e+00	3.814697e-02	4.667985e-05
1	2.039641e+00	3.988266e-02	4.654932e-05
1	2.127450e+00	4.159546e-02	4.662669e-05
1	2.216123e+00	4.335022e-02	4.667246e-05
1	2.303429e+00	4.521179e-02	4.696667e-05
1	2.391665e+00	4.693222e-02	4.688847e-05
1	2.479808e+00	4.873276e-02	4.659653e-05
1	2.567581e+00	5.048752e-02	4.707015e-05
1	2.655456e+00	5.219650e-02	4.676032e-05
1	2.744315e+00	5.382919e-02	4.680550e-05
1	2.832162e+00	5.575943e-02	4.715037e-05
1	2.919738e+00	5.751801e-02	4.691875e-05
1	3.007627e+00	5.921555e-02	4.701126e-05
1	3.095455e+00	6.101608e-02	4.705727e-05
1	3.183996e+00	6.281662e-02	4.715157e-05
1	3.272056e+00	6.454849e-02	4.725492e-05
1	3.360122e+00	6.620789e-02	4.705179e-05
1	3.448089e+00	6.797409e-02	4.731190e-05
1	3.535273e+00	6.981659e-02	4.723358e-05
1	3.623808e+00	7.166290e-02	4.733980e-05
1	3.711597e+00	7.328033e-02	4.725194e-05
1	3.800183e+00	7.506561e-02	4.709005e-05
1	3.887915e+00	7.683945e-02	4.768455e-05
1	3.976289e+00	7.860565e-02	4.741132e-05
1	4.064274e+00	8.036423e-02	4.705572e-05
1	4.151519e+00	8.222198e-02	4.710317e-05
1	4.239877e+00	8.394241e-02	4.714656e-05
1	4.328091e+00	8.575439e-02	4.771960e-05
1	4.415875e+00	8.737564e-02	4.745007e-05
1	4.503942e+00	8.918762e-02	4.734826e-05
1	4.591750e+00	9.082794e-02	4.712236e-05
1	4.679450e+00	9.266663e-02	4.765308e-05
1	4.768010e+00	9.439850e-02	4.731119e-05
1	4.855705e+00	9.617233e-02	4.761696e-05
1	4.944218e+00	9.791946e-02	4.726624e-05
1	5.031746e+00	9.973907e-02	4.755461e-05
1	5.120036e+00	1.012878e-01	4.741526e-05
1	5.208207e+00	1.031876e-01	4.758227e-05
1	5.295800e+00	1.049957e-01	4.756522e-05
1	5.383714e+00	1.068001e-01	4.757345e-05
1	5.472228e+00	1.084747e-01	4.757941e-05
1	5.559502e+00	1.102791e-01	4.774821e-05
1	5.647371e+00	1.120872e-01	4.784954e-05
1	5.735488e+00	1.137161e-01	4.745352e-05
1	5.823496e+00	1.155434e-01	4.775870e-05
1	5.911380e+00	1.173668e-01	4.791760e-05
1	5.999544e+00	1.190071e-01	4.779315e-05
1	6.088087e+00	1.206970e-01	4.781270e-05
1	6.175250e+00	1.225739e-01	4.752660e-05
1	6.264008e+00	1.243935e-01	4.775012e-05
1	6.352024e+00	1.261215e-01	4.731190e-05
1	6.439378e+00	1.278763e-01	4.752707e-05
1	6.528093e+00	1.295662e-01	4.745138e-05
1	6.615433e+00	1.313972e-01	4.751563e-05
1	6.704200e+00	1.330910e-01	4.765594e-05
1	6.791234e+00	1.350021e-01	4.758275e-05
1	6.879466e+00	1.365128e-01	4.731679e-05
1	6.967508e+00	1.383781e-01	4.745960e-05
1	7.055966e+00	1.400642e-01	4.771614e-05
1	7.143571e+00	1.420059e-01	4.790986e-05
1	7.232063e+00	1.435852e-01	4.752612e-05
1	7.319939e+00	1.454887e-01	4.798925e-05
1	7.407710e+00	1.471825e-01	4.811180e-05
1	7.495890e+00	1.488609e-01	4.758120e-05
1	7.583541e+00	1.507339e-01	4.772544e-05
1	7.671991e+00	1.525345e-01	4.813671e-05
1	7.759900e+00	1.542931e-01	4.809237e-05
1	7.847388e+00	1.559792e-01	4.777265e-05
1	7.935964e+00	1.576958e-01	4.773343e-05
1	8.024161e+00	1.595383e-01	4.782689e-05
1	8.111491e+00	1.613083e-01	4.787183e-05
1	8.199354e+00	1.630554e-01	4.807997e-05
1	8.287596e+00	1.647530e-01	4.756236e-05
1	8.375376e+00	1.666031e-01	4.771292e-05
1	8.463370e+00	1.683197e-01	4.782784e-05
1	8.551532e+00	1.702080e-01	4.769325e-05
1	8.640117e+00	1.718330e-01	4.795051e-05
1	8.728305e+00	1.736298e-01	4.806030e-05
1	8.815742e+00	1.753693e-01	4.775000e-05
1	8.903571e+00	1.769905e-01	4.747498e-05
1	8.992185e+00	1.788368e-01	4.759300e-05
1	9.079752e+00	1.805191e-01	4.767978e-05
1	9.168042e+00	1.823387e-01	4.792476e-05
1	9.255692e+00	1.842422e-01	4.817343e-05
1	9.344208e+00	1.859283e-01	4.813051e-05
1	9.432136e+00	1.877480e-01	4.795861e-05
1	9.519635e+00	1.893959e-01	4.769266e-05
1	9.608192e+00	1.912460e-01	4.804420e-05
1	9.696005e+00	1.929817e-01	4.804170e-05
1	9.783816e+00	1.948013e-01	4.769266e-05
1	9.871374e+00	1.964569e-01	4.795873e-05
1	9.959731e+00	1.981659e-01	4.791296e-05
1	1.004803e+01	1.999741e-01	4.815960e-05
1	1.013584e+01	2.016678e-01	4.800999e-05
1	1.022430e+01	2.035141e-01	4.804432e-05
1	1.031189e+01	2.052383e-01	4.795432e-05
1	1.039943e+01	2.070885e-01	4.792392e-05
1	1.048824e+01	2.088089e-01	4.855418e-05
1	1.057591e+01	2.105751e-01	4.811728e-05
1	1.066397e+01	2.122688e-01	4.741311e-05
1	1.075182e+01	2.141991e-01	4.812169e-05
1	1.083931e+01	2.159348e-01	4.806840e-05
1	1.092775e+01	2.175598e-01	4.770458e-05
1	1.101602e+01	2.193298e-01	4.844654e-05
1	1.110399e+01	2.210770e-01	4.821587e-05
1	1.119142e+01	2.229042e-01	4.815996e-05
1	1.128016e+01	2.245483e-01	4.775202e-05
1	1.136750e+01	2.264252e-01	4.836857e-05
1	1.145536e+01	2.280655e-01	4.814231e-05
1	1.154407e+01	2.298012e-01	4.764330e-05
1	1.163145e+01	2.316475e-01	4.795492e-05
1	1.171947e+01	2.334404e-01	4.828548e-05
1	1.180826e+01	2.352638e-01	4.828334e-05
1	1.189616e+01	2.369537e-01	4.806995e-05
1	1.198420e+01	2.386894e-01	4.777324e-05
1	1.207194e+01	2.404366e-01	4.850256e-05
1	1.215990e+01	2.423515e-01	4.834223e-05
1	1.224789e+01	2.440147e-01	4.867065e-05
1	1.233558e+01	2.457809e-01	4.812181e-05
1	1.242424e+01	2.475433e-01	4.840028e-05
1	1.251208e+01	2.492599e-01	4.817748e-05
1	1.260019e+01	2.509003e-01	4.809332e-05
1	1.268735e+01	2.528534e-01	4.837739e-05
1	1.277533e+01	2.545891e-01	4.815698e-05
1	1.286335e+01	2.564163e-01	4.832733e-05
1	1.295162e+01	2.580566e-01	4.781246e-05
1	1.303972e+01	2.598991e-01	4.810262e-05
1	1.312808e+01	2.615471e-01	4.821622e-05
1	1.321592e+01	2.633286e-01	4.831147e-05
1	1.330405e+01	2.651215e-01	4.805124e-05
1	1.339152e+01	2.667809e-01	4.791951e-05
1	1.347940e+01	2.686958e-01	4.842830e-05
1	1.356801e+01	2.702866e-01	4.802346e-05
1	1.365593e+01	2.721291e-01	4.836166e-05
1	1.374396e+01	2.738991e-01	4.809248e-05
1	1.383159e+01	2.756042e-01	4.797530e-05
1	1.392001e+01	2.774620e-01	4.826689e-05
1	1.400769e+01	2.791634e-01	4.833198e-05
1	1.409541e+01	2.810669e-01	4.874277e-05
1	1.418382e+01	2.827072e-01	4.839325e-05
1	1.427147e+01	2.845001e-01	4.816985e-05
1	1.435984e+01	2.861862e-01	4.823720e-05
1	1.444794e+01	2.880020e-01	4.792619e-05
1	1.453588e+01	2.897568e-01	4.850805e-05
1	1.462414e+01	2.916031e-01	4.893529e-05
1	1.471145e+01	2.931404e-01	4.846954e-05
1	1.480018e+01	2.950516e-01	4.844987e-05
1	1.488822e+01	2.968636e-01	4.815745e-05
1	1.497567e+01	2.986412e-01	4.862964e-05
1	1.506381e+01	3.003654e-01	4.828548e-05
1	1.515200e+01	3.021011e-01	4.841650e-05
1	1.523935e+01	3.037453e-01	4.800618e-05
1	1.532802e+01	3.055267e-01	4.846144e-05
1	1.541557e+01	3.073883e-01	4.807901e-05
1	1.550414e+01	3.090477e-01	4.812634e-05
1	1.559227e+01	3.107262e-01	4.816020e-05
1	1.568007e+01	3.126068e-01	4.837513e-05
1	1.576742e+01	3.143883e-01	4.828691e-05
1	1.585622e+01	3.161049e-01	4.831719e-05
1	1.594402e+01	3.179054e-01	4.835284e-05
1	1.603177e+01	3.197098e-01	4.867935e-05
1	1.611983e+01	3.213615e-01	4.843116e-05
1	1.620807e+01	3.231697e-01	4.835582e-05
1	1.629604e+01	3.249855e-01	4.822254e-05
1	1.638424e+01	3.267708e-01	4.902470e-05
1	1.647166e+01	3.283424e-01	4.832673e-05
1	1.655964e+01	3.300629e-01	4.828298e-05
1	1.664761e+01	3.319321e-01	4.810524e-05
1	1.673567e+01	3.336754e-01	4.866648e-05
1	1.682373e+01	3.355713e-01	4.844058e-05
1	1.691200e+01	3.372841e-01	4.874742e-05
1	1.699987e+01	3.389587e-01	4.843509e-05
1	1.708746e+01	3.406830e-01	4.831469e-05
1	1.717574e+01	3.424873e-01	4.823184e-05
1	1.726372e+01	3.443031e-01	4.851961e-05
1	1.735201e+01	3.460007e-01	4.854417e-05
1	1.744018e+01	3.479080e-01	4.867446e-05
1	1.752727e+01	3.495255e-01	4.845917e-05
1	1.761558e+01	3.512917e-01	4.835856e-05
1	1.770386e+01	3.531075e-01	4.836917e-05
1	1.779198e+01	3.547211e-01	4.851055e-05
1	1.788013e+01	3.566132e-01	4.872406e-05
1	1.796742e+01	3.583755e-01	4.848182e-05
1	1.805597e+01	3.600044e-01	4.822624e-05
1	1.814364e+01	3.618050e-01	4.850423e-05
1	1.823173e+01	3.635674e-01	4.841161e-05
1	1.831955e+01	3.654251e-01	4.887843e-05
1	1.840740e+01	3.672409e-01	4.930198e-05
1	1.849631e+01	3.688583e-01	4.854548e-05
1	1.858350e+01	3.706779e-01	4.898560e-05
1	1.867219e+01	3.724327e-01	4.855692e-05
1	1.875974e+01	3.742409e-01	4.877722e-05
1	1.884800e+01	3.760109e-01	4.840434e-05
1	1.893606e+01	3.776665e-01	4.833245e-05
1	1.902350e+01	3.795013e-01	4.858768e-05
1	1.911139e+01	3.812218e-01	4.842079e-05
1	1.919984e+01	3.830223e-01	4.859734e-05
1	1.928825e+01	3.847694e-01	4.865241e-05
1	1.937602e+01	3.865623e-01	4.870296e-05
1	1.946370e+01	3.882751e-01	4.877007e-05
1	1.955210e+01	3.899765e-01	4.838753e-05
1	1.963961e+01	3.917770e-01	4.847121e-05
1	1.972820e+01	3.935356e-01	4.832613e-05
1	1.981526e+01	3.953934e-01	4.888642e-05
1	1.990380e+01	3.971062e-01	4.898953e-05
1	1.999139e+01	3.988113e-01	4.836214e-05
1	2.007962e+01	4.006500e-01	4.876137e-05
1	2.016784e+01	4.023323e-01	4.860449e-05
1	2.025544e+01	4.041252e-01	4.875052e-05
1	2.034417e+01	4.058990e-01	4.871559e-05
1	2.043203e+01	4.076004e-01	4.858649e-05
1	2.051976e+01	4.094276e-01	4.839373e-05
1	2.060748e+01	4.111862e-01	4.883385e-05
1	2.069557e+01	4.128914e-01	4.871380e-05
1	2.078354e+01	4.146042e-01	4.847145e-05
1	2.087136e+01	4.163742e-01	4.861784e-05
1	2.095949e+01	4.180946e-01	4.846084e-05
1	2.104823e+01	4.199753e-01	4.884553e-05
1	2.113564e+01	4.216194e-01	4.840064e-05
1	2.122350e+01	4.235077e-01	4.901850e-05
1	2.131137e+01	4.251442e-01	4.864335e-05
1	2.140027e+01	4.269981e-01	4.884017e-05
1	2.148798e+01	4.287453e-01	4.847121e-05
1	2.157572e+01	4.305038e-01	4.905319e-05
1	2.166396e+01	4.322510e-01	4.878902e-05
1	2.175138e+01	4.339943e-01	4.846311e-05
1	2.183975e+01	4.357414e-01	4.852867e-05
1	2.192757e+01	4.375229e-01	4.873812e-05
1	2.201594e+01	4.392700e-01	4.899740e-05
1	2.210390e+01	4.410133e-01	4.854226e-05
1	2.219187e+01	4.428177e-01	4.856586e-05
1	2.228003e+01	4.445953e-01	4.879975e-05
1	2.236776e+01	4.463234e-01	4.869401e-05
1	2.245557e+01	4.481659e-01	4.905260e-05
1	2.254358e+01	4.499054e-01	4.873216e-05
1	2.263135e+01	4.516602e-01	4.861069e-05
1	2.272021e+01	4.533501e-01	4.860818e-05
1	2.280748e+01	4.551010e-01	4.857993e-05
1	2.289575e+01	4.567909e-01	4.899979e-05
1	2.298426e+01	4.586830e-01	4.906809e-05
1	2.307171e+01	4.604340e-01	4.876065e-05
1	2.316025e+01	4.621849e-01	4.872334e-05
1	2.324782e+01	4.640579e-01	4.892027e-05
1	2.333593e+01	4.656754e-01	4.871404e-05
1	2.342364e+01	4.675407e-01	4.881167e-05
1	2.351164e+01	4.691582e-01	4.883707e-05
1	2.359994e+01	4.709930e-01	4.873228e-05
1	2.368770e+01	4.726791e-01	4.893661e-05
1	2.377627e+01	4.744987e-01	4.899728e-05
1	2.386424e+01	4.761772e-01	4.878879e-05
1	2.395138e+01	4.779663e-01	4.883099e-05
1	2.403995e+01	4.797440e-01	4.882610e-05
1	2.412770e+01	4.814949e-01	4.898572e-05
1	2.421551e+01	4.831886e-01	4.869950e-05
1	2.430370e+01	4.849205e-01	4.886389e-05
1	2.439232e+01	4.867859e-01	4.875910e-05
1	2.447997e+01	4.886131e-01	4.920983e-05
1	2.456763e+01	4.903526e-01	4.893148e-05
1	2.465615e+01	4.920349e-01	4.912484e-05
1	2.474417e+01	4.939537e-01	4.917431e-05
1	2.483150e+01	4.956360e-01	4.894507e-05
1	2.492022e+01	4.974327e-01	4.917419e-05
1	2.500780e+01	4.991989e-01	4.918993e-05
1	2.509560e+01	5.006256e-01	4.672801e-05
1	2.518370e+01	4.987411e-01	1.892114e-05
1	2.527176e+01	4.970131e-01	1.955032e-08
1	2.535954e+01	4.953117e-01	-1.307905e-05
1	2.544770e+01	4.936295e-01	-2.168417e-05
1	2.553622e+01	4.917793e-01	-2.791643e-05
1	2.562358e+01	4.899254e-01	-3.263915e-05
1	2.571173e+01	4.881668e-01	-3.603280e-05
1	2.579995e+01	4.863701e-01	-3.774488e-05
1	2.588803e+01	4.847260e-01	-3.949606e-05
1	2.597622e+01	4.829674e-01	-4.068387e-05
1	2.606514e+01	4.811172e-01	-4.127908e-05
1	2.615144e+01	4.793129e-01	-4.185677e-05
1	2.623978e+01	4.776497e-01	-4.222012e-05
1	2.632741e+01	4.759369e-01	-4.290211e-05
1	2.641618e+01	4.740753e-01	-4.327369e-05
1	2.650413e+01	4.723587e-01	-4.314768e-05
1	2.659137e+01	4.706421e-01	-4.355073e-05
1	2.668000e+01	4.687614e-01	-4.381478e-05
1	2.676760e+01	4.671059e-01	-4.386902e-05
1	2.685624e+01	4.653282e-01	-4.401433e-05
1	2.694381e+01	4.636002e-01	-4.422736e-05
1	2.703201e+01	4.617462e-01	-4.423964e-05
1	2.712004e+01	4.602013e-01	-4.444385e-05
1	2.720827e+01	4.581985e-01	-4.475760e-05
1	2.729606e+01	4.565620e-01	-4.459333e-05
1	2.738402e+01	4.546700e-01	-4.495943e-05
1	2.747156e+01	4.529381e-01	-4.465294e-05
1	2.756010e+01	4.512367e-01	-4.513013e-05
1	2.764731e+01	4.493866e-01	-4.506671e-05
1	2.773616e+01	4.476776e-01	-4.484272e-05
1	2.782346e+01	4.459801e-01	-4.486084e-05
1	2.791194e+01	4.443016e-01	-4.530716e-05
1	2.799985e+01	4.423981e-01	-4.538500e-05
1	2.808784e+01	4.406891e-01	-4.514265e-05
1	2.817567e+01	4.389267e-01	-4.532361e-05
1	2.826338e+01	4.372215e-01	-4.526281e-05
1	2.835215e+01	4.354324e-01	-4.514790e-05
1	2.844002e+01	4.337044e-01	-4.529190e-05
1	2.852792e+01	4.318199e-01	-4.539180e-05
1	2.861622e+01	4.301186e-01	-4.529941e-05
1	2.870397e+01	4.283714e-01	-4.527318e-05
1	2.879200e+01	4.265938e-01	-4.529417e-05
1	2.887948e+01	4.247780e-01	-4.527533e-05
1	2.896786e+01	4.230804e-01	-4.567921e-05
1	2.905575e+01	4.212112e-01	-4.610837e-05
1	2.914394e+01	4.195671e-01	-4.513931e-05
1	2.923173e+01	4.177551e-01	-4.567409e-05
1	2.931942e+01	4.160233e-01	-4.546762e-05
1	2.940800e+01	4.142990e-01	-4.589140e-05
1	2.949543e+01	4.124947e-01	-4.579973e-05
1	2.958330e+01	4.108276e-01	-4.531860e-05
1	2.967171e+01	4.090538e-01	-4.539573e-05
1	2.976018e+01	4.072418e-01	-4.556298e-05
1	2.984762e+01	4.055214e-01	-4.574788e-05
1	2.993550e+01	4.037285e-01	-4.597104e-05
1	3.002349e+01	4.020805e-01	-4.604387e-05
1	3.011150e+01	4.002533e-01	-4.584718e-05
1	3.019980e+01	3.984261e-01	-4.579699e-05
1	3.028787e+01	3.967628e-01	-4.582345e-05
1	3.037567e+01	3.949051e-01	-4.611540e-05
1	3.046424e+01	3.931732e-01	-4.622662e-05
1	3.055197e+01	3.914146e-01	-4.565656e-05
1	3.064018e+01	3.896713e-01	-4.594505e-05
1	3.072753e+01	3.879738e-01	-4.566371e-05
1	3.081570e+01	3.861923e-01	-4.598439e-05
1	3.090401e+01	3.844948e-01	-4.603469e-05
1	3.099157e+01	3.825912e-01	-4.618061e-05
1	3.108003e+01	3.809242e-01	-4.585683e-05
1	3.116741e+01	3.790474e-01	-4.650724e-05
1	3.125600e+01	3.773994e-01	-4.626989e-05
1	3.134418e+01	3.756371e-01	-4.598558e-05
1	3.143158e+01	3.737984e-01	-4.593003e-05
1	3.151955e+01	3.721123e-01	-4.620075e-05
1	3.160797e+01	3.703575e-01	-4.637492e-05
1	3.169615e+01	3.686409e-01	-4.632807e-05
1	3.178340e+01	3.668251e-01	-4.607463e-05
1	3.187132e+01	3.650398e-01	-4.618132e-05
1	3.195961e+01	3.631935e-01	-4.654515e-05
1	3.204742e+01	3.615265e-01	-4.641354e-05
1	3.213536e+01	3.597374e-01	-4.650402e-05
1	3.222434e+01	3.580170e-01	-4.624987e-05
1	3.231159e+01	3.561935e-01	-4.651546e-05
1	3.240006e+01	3.544731e-01	-4.633415e-05
1	3.248725e+01	3.526955e-01	-4.607201e-05
1	3.257569e+01	3.509102e-01	-4.652393e-05
1	3.266347e+01	3.492241e-01	-4.640794e-05
1	3.275180e+01	3.473892e-01	-4.699218e-05
1	3.283972e+01	3.456612e-01	-4.637337e-05
1	3.292781e+01	3.438873e-01	-4.662681e-05
1	3.301608e+01	3.421974e-01	-4.640555e-05
1	3.310399e+01	3.403969e-01	-4.663944e-05
1	3.319139e+01	3.386765e-01	-4.662716e-05
1	3.327944e+01	3.369255e-01	-4.659617e-05
1	3.336755e+01	3.352127e-01	-4.646242e-05
1	3.345553e+01	3.333130e-01	-4.671097e-05
1	3.354384e+01	3.316650e-01	-4.661012e-05
1	3.363133e+01	3.297997e-01	-4.660881e-05
1	3.371950e+01	3.280411e-01	-4.678917e-05
1	3.380782e+01	3.263893e-01	-4.636347e-05
1	3.389552e+01	3.245964e-01	-4.647851e-05
1	3.398370e+01	3.228264e-01	-4.680765e-05
1	3.407215e+01	3.210754e-01	-4.675150e-05
1	3.415984e+01	3.192825e-01	-4.684246e-05
1	3.424817e+01	3.175125e-01	-4.654157e-05
1	3.433554e+01	3.157730e-01	-4.689693e-05
1	3.442397e+01	3.140259e-01	-4.636145e-05
1	3.451220e+01	3.123856e-01	-4.646337e-05
1	3.459938e+01	3.103943e-01	-4.716432e-05
1	3.468792e+01	3.087158e-01	-4.670942e-05
1	3.477604e+01	3.069611e-01	-4.659104e-05
1	3.486395e+01	3.051491e-01	-4.670906e-05
1	3.495199e+01	3.034897e-01	-4.652083e-05
1	3.503993e+01	3.017311e-01	-4.692304e-05
1	3.512764e+01	3.000107e-01	-4.693890e-05
1	3.521574e+01	2.982445e-01	-4.677165e-05
1	3.530353e+01	2.964439e-01	-4.657960e-05
1	3.539209e+01	2.946510e-01	-4.673707e-05
1	3.547968e+01	2.928658e-01	-4.686570e-05
1	3.556789e+01	2.910538e-01	-4.713583e-05
1	3.565580e+01	2.893639e-01	-4.714608e-05
1	3.574342e+01	2.876167e-01	-4.705083e-05
1	3.583157e+01	2.858849e-01	-4.655707e-05
1	3.591983e+01	2.839775e-01	-4.686129e-05
1	3.600786e+01	2.823601e-01	-4.698670e-05
1	3.609624e+01	2.805443e-01	-4.689765e-05
1	3.618382e+01	2.789116e-01	-4.618406e-05
1	3.627182e+01	2.770500e-01	-4.685903e-05
1	3.635942e+01	2.753029e-01	-4.704046e-05
1	3.644805e+01	2.735291e-01	-4.691684e-05
1	3.653571e+01	2.718506e-01	-4.698169e-05
1	3.662370e+01	2.699814e-01	-4.728639e-05
1	3.671145e+01	2.682610e-01	-4.672325e-05
1	3.679950e+01	2.664566e-01	-4.707015e-05
1	3.688799e+01	2.647285e-01	-4.698181e-05
1	3.697552e+01	2.628860e-01	-4.745781e-05
1	3.706421e+01	2.611389e-01	-4.696739e-05
1	3.715167e+01	2.594833e-01	-4.706275e-05
1	3.724016e+01	2.576828e-01	-4.674208e-05
1	3.732768e+01	2.558479e-01	-4.699409e-05
1	3.741568e+01	2.541656e-01	-4.715776e-05
1	3.750374e+01	2.523689e-01	-4.733491e-05
1	3.759224e+01	2.505150e-01	-4.730797e-05
1	3.767969e+01	2.489433e-01	-4.675543e-05
1	3.776788e+01	2.472153e-01	-4.727912e-05
1	3.785620e+01	2.453995e-01	-4.700994e-05
1	3.794420e+01	2.436752e-01	-4.701650e-05
1	3.803196e+01	2.419319e-01	-4.704368e-05
1	3.811990e+01	2.401237e-01	-4.706824e-05
1	3.820818e+01	2.383041e-01	-4.754508e-05
1	3.829607e+01	2.365532e-01	-4.738712e-05
1	3.838337e+01	2.347870e-01	-4.713702e-05
1	3.847139e+01	2.329903e-01	-4.729450e-05
1	3.855971e+01	2.313118e-01	-4.735875e-05
1	3.864758e+01	2.294693e-01	-4.743767e-05
1	3.873585e+01	2.277260e-01	-4.714119e-05
1	3.882342e+01	2.259865e-01	-4.727960e-05
1	3.891169e+01	2.241554e-01	-4.716039e-05
1	3.900015e+01	2.222862e-01	-4.745281e-05
1	3.908777e+01	2.207680e-01	-4.696262e-05
1	3.917576e+01	2.189026e-01	-4.772556e-05
1	3.926393e+01	2.172585e-01	-4.720032e-05
1	3.935207e+01	2.154694e-01	-4.724360e-05
1	3.944019e+01	2.136917e-01	-4.717028e-05
1	3.952794e+01	2.118988e-01	-4.732120e-05
1	3.961582e+01	2.101746e-01	-4.713476e-05
1	3.970407e+01	2.084045e-01	-4.712248e-05
1	3.979189e+01	2.067070e-01	-4.675794e-05
1	3.987930e+01	2.049675e-01	-4.700625e-05
1	3.996782e+01	2.030983e-01	-4.710531e-05
1	4.005617e+01	2.013626e-01	-4.714119e-05
1	4.014401e+01	1.996384e-01	-4.698277e-05
1	4.023170e+01	1.979370e-01	-4.710269e-05
1	4.031952e+01	1.960487e-01	-4.748011e-05
1	4.040779e+01	1.943016e-01	-4.764736e-05
1	4.049617e+01	1.925774e-01	-4.729962e-05
1	4.058417e+01	1.907730e-01	-4.757249e-05
1	4.067136e+01	1.890221e-01	-4.718184e-05
1	4.076002e+01	1.872330e-01	-4.744434e-05
1	4.084779e+01	1.854362e-01	-4.735088e-05
1	4.093540e+01	1.838570e-01	-4.725266e-05
1	4.102405e+01	1.818542e-01	-4.775405e-05
1	4.111160e+01	1.802330e-01	-4.747880e-05
1	4.119959e+01	1.785583e-01	-4.737461e-05
1	4.128756e+01	1.767235e-01	-4.757977e-05
1	4.137605e+01	1.749496e-01	-4.729652e-05
1	4.146421e+01	1.732101e-01	-4.731798e-05
1	4.155142e+01	1.715355e-01	-4.746807e-05
1	4.164006e+01	1.697464e-01	-4.719555e-05
1	4.172813e+01	1.679840e-01	-4.716408e-05
1	4.181537e+01	1.661835e-01	-4.764199e-05
1	4.190398e+01	1.644516e-01	-4.737210e-05
1	4.199160e+01	1.627655e-01	-4.729724e-05
1	4.207930e+01	1.608734e-01	-4.748690e-05
1	4.216777e+01	1.590500e-01	-4.800022e-05
1	4.225565e+01	1.573601e-01	-4.776895e-05
1	4.234410e+01	1.556358e-01	-4.724813e-05
1	4.243144e+01	1.539764e-01	-4.729331e-05
1	4.251979e+01	1.520500e-01	-4.759955e-05
1	4.260787e+01	1.504211e-01	-4.742980e-05
1	4.269628e+01	1.485329e-01	-4.744959e-05
1	4.278416e+01	1.468353e-01	-4.772329e-05
1	4.287174e+01	1.450462e-01	-4.732370e-05
1	4.295933e+01	1.433678e-01	-4.753709e-05
1	4.304770e+01	1.416092e-01	-4.754007e-05
1	4.313573e+01	1.398010e-01	-4.759848e-05
1	4.322390e+01	1.380386e-01	-4.777670e-05
1	4.331217e+01	1.363602e-01	-4.738081e-05
1	4.339939e+01	1.344757e-01	-4.777861e-05
1	4.348778e+01	1.327629e-01	-4.741728e-05
1	4.357612e+01	1.308975e-01	-4.783916e-05
1	4.366408e+01	1.292839e-01	-4.751754e-05
1	4.375209e+01	1.274681e-01	-4.761791e-05
1	4.383976e+01	1.258049e-01	-4.744780e-05
1	4.392828e+01	1.239128e-01	-4.786050e-05
1	4.401595e+01	1.221504e-01	-4.786289e-05
1	4.410416e+01	1.204071e-01	-4.790890e-05
1	4.419167e+01	1.187592e-01	-4.757416e-05
1	4.427945e+01	1.169662e-01	-4.731357e-05
1	4.436806e+01	1.150856e-01	-4.807675e-05
1	4.445541e+01	1.133347e-01	-4.748917e-05
1	4.454371e+01	1.116180e-01	-4.764283e-05
1	4.463203e+01	1.098251e-01	-4.758191e-05
1	4.471941e+01	1.080894e-01	-4.751325e-05
1	4.480805e+01	1.063461e-01	-4.758894e-05
1	4.489594e+01	1.045685e-01	-4.761255e-05
1	4.498401e+01	1.029091e-01	-4.765975e-05
1	4.507148e+01	1.010323e-01	-4.756391e-05
1	4.515996e+01	9.930038e-02	-4.756761e-05
1	4.524754e+01	9.753799e-02	-4.786384e-05
1	4.533558e+01	9.588242e-02	-4.722798e-05
1	4.542392e+01	9.403992e-02	-4.791868e-05
1	4.551208e+01	9.228516e-02	-4.751039e-05
1	4.560013e+01	9.049225e-02	-4.767883e-05
1	4.568767e+01	8.863449e-02	-4.770482e-05
1	4.577565e+01	8.699036e-02	-4.810750e-05
1	4.586368e+01	8.517456e-02	-4.759443e-05
1	4.595137e+01	8.349609e-02	-4.756737e-05
1	4.603942e+01	8.187103e-02	-4.756224e-05
1	4.612783e+01	7.995987e-02	-4.789937e-05
1	4.621549e+01	7.816315e-02	-4.779136e-05
1	4.630389e+01	7.641602e-02	-4.758477e-05
1	4.639131e+01	7.461548e-02	-4.777682e-05
1	4.648014e+01	7.289505e-02	-4.719961e-05
1	4.656784e+01	7.107544e-02	-4.811454e-05
1	4.665587e+01	6.959915e-02	-4.747033e-05
1	4.674389e+01	6.760406e-02	-4.811442e-05
1	4.683189e+01	6.594086e-02	-4.736626e-05
1	4.691939e+01	6.414413e-02	-4.770660e-05
1	4.700815e+01	6.229782e-02	-4.776812e-05
1	4.709574e+01	6.058121e-02	-4.818475e-05
1	4.718386e+01	5.883789e-02	-4.760587e-05
1	4.727218e+01	5.704498e-02	-4.748833e-05
1	4.736009e+01	5.536652e-02	-4.780805e-05
1	4.744742e+01	5.368423e-02	-4.758966e-05
1	4.753600e+01	5.191422e-02	-4.792631e-05
1	4.762394e+01	5.004120e-02	-4.776275e-05
1	4.771216e+01	4.830933e-02	-4.774702e-05
1	4.779984e+01	4.660034e-02	-4.786432e-05
1	4.788737e+01	4.473877e-02	-4.779506e-05
1	4.797572e+01	4.299164e-02	-4.811668e-05
1	4.806405e+01	4.127121e-02	-4.773426e-05
1	4.815181e+01	3.955841e-02	-4.760242e-05
1	4.824001e+01	3.783417e-02	-4.758501e-05
1	4.832816e+01	3.593445e-02	-4.809976e-05
1	4.841600e+01	3.427124e-02	-4.808939e-05
1	4.850430e+01	3.244400e-02	-4.796541e-05
1	4.859213e+01	3.069305e-02	-4.785407e-05
1	4.867988e+01	2.903366e-02	-4.770207e-05
1	4.876831e+01	2.714157e-02	-4.806840e-05
1	4.885605e+01	2.540588e-02	-4.808474e-05
1	4.894377e+01	2.366638e-02	-4.824901e-05
1	4.903192e+01	2.190018e-02	-4.823101e-05
1	4.912031e+01	2.008820e-02	-4.778743e-05
1	4.920813e+01	1.836014e-02	-4.770017e-05
1	4.929622e+01	1.657867e-02	-4.793298e-05
1	4.938392e+01	1.483917e-02	-4.843926e-05
1	4.947190e+01	1.321030e-02	-4.778659e-05
1	4.955972e+01	1.131821e-02	-4.774749e-05
1	4.964782e+01	9.582520e-03	-4.801917e-05
1	4.973541e+01	7.846832e-03	-4.794955e-05
1	4.982355e+01	6.107330e-03	-4.869401e-05
1	4.991177e+01	4.314423e-03	-4.832757e-05
1	4.999932e+01	2.552032e-03	-4.758763e-05
2	5.008732e+01	7.896423e-04	-4.792845e-05
2	5.017535e+01	2.502441e-03	-2.041209e-05
2	5.026421e+01	4.375458e-03	-5.264282e-07
2	5.035159e+01	6.191254e-03	1.305759e-05
2	5.044021e+01	7.865906e-03	2.240288e-05
2	5.052771e+01	9.609222e-03	2.842987e-05
2	5.061545e+01	1.137161e-02	3.363192e-05
2	5.070421e+01	1.318359e-02	3.594005e-05
2	5.079205e+01	1.493454e-02	3.878868e-05
2	5.087964e+01	1.668549e-02	4.027832e-05
2	5.096798e+01	1.834869e-02	4.121232e-05
2	5.105568e+01	2.029037e-02	4.256988e-05
2	5.114395e+01	2.196121e-02	4.232180e-05
2	5.123176e+01	2.363586e-02	4.339159e-05
2	5.131955e+01	2.553177e-02	4.398012e-05
2	5.140805e+01	2.719879e-02	4.390144e-05
2	5.149535e+01	2.904510e-02	4.439294e-05
2	5.158355e+01	3.080368e-02	4.484999e-05
2	5.167177e+01	3.248215e-02	4.460239e-05
2	5.175958e+01	3.433228e-02	4.486048e-05
2	5.184745e+01	3.607941e-02	4.456425e-05
2	5.193589e+01	3.790665e-02	4.537189e-05
2	5.202425e+01	3.948975e-02	4.497421e-05
2	5.211220e+01	4.128265e-02	4.527152e-05
2	5.219997e+01	4.298401e-02	4.493642e-05
2	5.228825e+01	4.480362e-02	4.548490e-05
2	5.237541e+01	4.660416e-02	4.581356e-05
2	5.246355e+01	4.831314e-02	4.575086e-05
2	5.255186e+01	5.011749e-02	4.572678e-05
2	5.263940e+01	5.191040e-02	4.585409e-05
2	5.272824e+01	5.366135e-02	4.582953e-05
2	5.281553e+01	5.534744e-02	4.599178e-05
2	5.290380e+01	5.705643e-02	4.580927e-05
2	5.299220e+01	5.884552e-02	4.618633e-05
2	5.307999e+01	6.072617e-02	4.600692e-05
2	5.316827e+01	6.244659e-02	4.622364e-05
2	5.325540e+01	6.420135e-02	4.583895e-05
2	5.334392e+01	6.594849e-02	4.586458e-05
2	5.343227e+01	6.772614e-02	4.608667e-05
2	5.352019e+01	6.956863e-02	4.638350e-05
2	5.360793e+01	7.123947e-02	4.595149e-05
2	5.369567e+01	7.301331e-02	4.620004e-05
2	5.378395e+01	7.473373e-02	4.660201e-05
2	5.387134e+01	7.654190e-02	4.640520e-05
2	5.395969e+01	7.830811e-02	4.631221e-05
2	5.404788e+01	8.005905e-02	4.641962e-05
2	5.413544e+01	8.186722e-02	4.659951e-05
2	5.422380e+01	8.347702e-02	4.645514e-05
2	5.431190e+01	8.534622e-02	4.638624e-05
2	5.439957e+01	8.709717e-02	4.658473e-05
2	5.448748e+01	8.884048e-02	4.671299e-05
2	5.457580e+01	9.059143e-02	4.639077e-05
2	5.466342e+01	9.244156e-02	4.682529e-05
2	5.475135e+01	9.401321e-02	4.664135e-05
2	5.483942e+01	9.589386e-02	4.697251e-05
2	5.492750e+01	9.767914e-02	4.639137e-05
2	5.501554e+01	9.934998e-02	4.646814e-05
2	5.510350e+01	1.011887e-01	4.692435e-05
2	5.519160e+01	1.028938e-01	4.660320e-05
2	5.527939e+01	1.046562e-01	4.683328e-05
2	5.536781e+01	1.064644e-01	4.668748e-05
2	5.545583e+01	1.081848e-01	4.683661e-05
2	5.554352e+01	1.099892e-01	4.711115e-05
2	5.563209e+01	1.117897e-01	4.705608e-05
2	5.571988e+01	1.134567e-01	4.690242e-05
2	5.580797e+01	1.151886e-01	4.662108e-05
2	5.589550e+01	1.169701e-01	4.749930e-05
2	5.598366e+01	1.187401e-01	4.703128e-05
2	5.607177e+01	1.204605e-01	4.705906e-05
2	5.615988e+01	1.222954e-01	4.737794e-05
2	5.624779e+01	1.241417e-01	4.684091e-05
2	5.633550e+01	1.258163e-01	4.733264e-05
2	5.642368e+01	1.275673e-01	4.702306e-05
2	5.651160e+01	1.292648e-01	4.687762e-05
2	5.659997e+01	1.310844e-01	4.712367e-05
2	5.668795e+01	1.328392e-01	4.703641e-05
2	5.677575e+01	1.345673e-01	4.692996e-05
2	5.686343e+01	1.362381e-01	4.674160e-05
2	5.695209e+01	1.380920e-01	4.723215e-05
2	5.703955e+01	1.397552e-01	4.698813e-05
2	5.712730e+01	1.416130e-01	4.713905e-05
2	5.721623e+01	1.433411e-01	4.715085e-05
2	5.730389e+01	1.451340e-01	4.727101e-05
2	5.739198e+01	1.469002e-01	4.722810e-05
2	5.747936e+01	1.487503e-01	4.734683e-05
2	5.756771e+01	1.504326e-01	4.694021e-05
2	5.765599e+01	1.521111e-01	4.721427e-05
2	5.774339e+01	1.538925e-01	4.736745e-05
2	5.783170e+01	1.556625e-01	4.700756e-05
2	5.792017e+01	1.574402e-01	4.720104e-05
2	5.800820e+01	1.593094e-01	4.726577e-05
2	5.809564e+01	1.609993e-01	4.738951e-05
2	5.818348e+01	1.626892e-01	4.705870e-05
2	5.827173e+01	1.644745e-01	4.723513e-05
2	5.835975e+01	1.662254e-01	4.739141e-05
2	5.844817e+01	1.678925e-01	4.710746e-05
2	5.853536e+01	1.697502e-01	4.729629e-05
2	5.862390e+01	1.714973e-01	4.744434e-05
2	5.871139e+01	1.733131e-01	4.713011e-05
2	5.879968e+01	1.749458e-01	4.719734e-05
2	5.888779e+01	1.768417e-01	4.749525e-05
2	5.897532e+01	1.785622e-01	4.768622e-05
2	5.906495e+01	1.803970e-01	4.742205e-05
2	5.915217e+01	1.820602e-01	4.763162e-05
2	5.923978e+01	1.837921e-01	4.734790e-05
2	5.932780e+01	1.855164e-01	4.744411e-05
2	5.941566e+01	1.874084e-01	4.752040e-05
2	5.950338e+01	1.891174e-01	4.742813e-05
2	5.959169e+01	1.909561e-01	4.768944e-05
2	5.967948e+01	1.925392e-01	4.732275e-05
2	5.976750e+01	1.944008e-01	4.756474e-05
2	5.985547e+01	1.961784e-01	4.767883e-05
2	5.994415e+01	1.979942e-01	4.794288e-05
2	6.003216e+01	1.997643e-01	4.770100e-05
2	6.012014e+01	2.015533e-01	4.773104e-05
2	6.020821e+01	2.030373e-01	4.757500e-05
2	6.029613e+01	2.049522e-01	4.761767e-05
2	6.038386e+01	2.066345e-01	4.755008e-05
2	6.047151e+01	2.083359e-01	4.694545e-05
2	6.055976e+01	2.102852e-01	4.779446e-05
2	6.064789e+01	2.119446e-01	4.730988e-05
2	6.073548e+01	2.138062e-01	4.782104e-05
2	6.082350e+01	2.155457e-01	4.772747e-05
2	6.091212e+01	2.171288e-01	4.752207e-05
2	6.099941e+01	2.189789e-01	4.747903e-05
2	6.108788e+01	2.207642e-01	4.780865e-05
2	6.117624e+01	2.224617e-01	4.745257e-05
2	6.126403e+01	2.243538e-01	4.802883e-05
2	6.135169e+01	2.259865e-01	4.778814e-05
2	6.144024e+01	2.278023e-01	4.782045e-05
2	6.152741e+01	2.295761e-01	4.776096e-05
2	6.161533e+01	2.313385e-01	4.791045e-05
2	6.170355e+01	2.330742e-01	4.784799e-05
2	6.179128e+01	2.348099e-01	4.771352e-05
2	6.187961e+01	2.365990e-01	4.783607e-05
2	6.196815e+01	2.384033e-01	4.772198e-05
2	6.205620e+01	2.400589e-01	4.805732e-05
2	6.214417e+01	2.419815e-01	4.801798e-05
2	6.223178e+01	2.437248e-01	4.802418e-05
2	6.231947e+01	2.453728e-01	4.781234e-05
2	6.240734e+01	2.472839e-01	4.791200e-05
2	6.249532e+01	2.489281e-01	4.805601e-05
2	6.258353e+01	2.508202e-01	4.806828e-05
2	6.267148e+01	2.525101e-01	4.792166e-05
2	6.276001e+01	2.541351e-01	4.797328e-05
2	6.284817e+01	2.561035e-01	4.807103e-05
2	6.293599e+01	2.578430e-01	4.796374e-05
2	6.302358e+01	2.595787e-01	4.754066e-05
2	6.311214e+01	2.612724e-01	4.796445e-05
2	6.319982e+01	2.629738e-01	4.741085e-05
2	6.328799e+01	2.648010e-01	4.809725e-05
2	6.337556e+01	2.666359e-01	4.766858e-05
2	6.346380e+01	2.682457e-01	4.826796e-05
2	6.355221e+01	2.701073e-01	4.805017e-05
2	6.363954e+01	2.718391e-01	4.806006e-05
2	6.372736e+01	2.736168e-01	4.800093e-05
2	6.381531e+01	2.754440e-01	4.818165e-05
2	6.390371e+01	2.770233e-01	4.737413e-05
2	6.399129e+01	2.789116e-01	4.816282e-05
2	6.407954e+01	2.806625e-01	4.807746e-05
2	6.416747e+01	2.823524e-01	4.780626e-05
2	6.425561e+01	2.841301e-01	4.768014e-05
2	6.434355e+01	2.858658e-01	4.787898e-05
2	6.443184e+01	2.876930e-01	4.772139e-05
2	6.452001e+01	2.893715e-01	4.814732e-05
2	6.460816e+01	2.911568e-01	4.823661e-05
2	6.469599e+01	2.928886e-01	4.808617e-05
2	6.478372e+01	2.946358e-01	4.812896e-05
2	6.487217e+01	2.965202e-01	4.818714e-05
2	6.495982e+01	2.982941e-01	4.821622e-05
2	6.504798e+01	2.999802e-01	4.847550e-05
2	6.513613e+01	3.017502e-01	4.812133e-05
2	6.522403e+01	3.035164e-01	4.804063e-05
2	6.531214e+01	3.052750e-01	4.827070e-05
2	6.540019e+01	3.070374e-01	4.833949e-05
2	6.548819e+01	3.088455e-01	4.807663e-05
2	6.557582e+01	3.104477e-01	4.755580e-05
2	6.566365e+01	3.123512e-01	4.825735e-05
2	6.575146e+01	3.139496e-01	4.803920e-05
2	6.583972e+01	3.158493e-01	4.821908e-05
2	6.592728e+01	3.175964e-01	4.811776e-05
2	6.601582e+01	3.192978e-01	4.802036e-05
2	6.610337e+01	3.210602e-01	4.792821e-05
2	6.619208e+01	3.228493e-01	4.811823e-05
2	6.627996e+01	3.245888e-01	4.810238e-05
2	6.636756e+01	3.264275e-01	4.843605e-05
2	6.645566e+01	3.281631e-01	4.782534e-05
2	6.654356e+01	3.298645e-01	4.813123e-05
2	6.663153e+01	3.316460e-01	4.814756e-05
2	6.671957e+01	3.333359e-01	4.812336e-05
2	6.680813e+01	3.351669e-01	4.814601e-05
2	6.689570e+01	3.369179e-01	4.833508e-05
2	6.698386e+01	3.386078e-01	4.814684e-05
2	6.707193e+01	3.404694e-01	4.797995e-05
2	6.715936e+01	3.421059e-01	4.806900e-05
2	6.724810e+01	3.439865e-01	4.808402e-05
2	6.733579e+01	3.457565e-01	4.792690e-05
2	6.742369e+01	3.473816e-01	4.810226e-05
2	6.751134e+01	3.493233e-01	4.849291e-05
2	6.759944e+01	3.510475e-01	4.818571e-05
2	6.768766e+01	3.527718e-01	4.823685e-05
2	6.777616e+01	3.545761e-01	4.837167e-05
2	6.786368e+01	3.562469e-01	4.826295e-05
2	6.795141e+01	3.580170e-01	4.792857e-05
2	6.803953e+01	3.597107e-01	4.802251e-05
2	6.812803e+01	3.614807e-01	4.838479e-05
2	6.821549e+01	3.633003e-01	4.797733e-05
2	6.830372e+01	3.650818e-01	4.839957e-05
2	6.839155e+01	3.667755e-01	4.865444e-05
2	6.847967e+01	3.686180e-01	4.818916e-05
2	6.856809e+01	3.704338e-01	4.862082e-05
2	6.865586e+01	3.721771e-01	4.862845e-05
2	6.874393e+01	3.739243e-01	4.857028e-05
2	6.883140e+01	3.756676e-01	4.832828e-05
2	6.891988e+01	3.774300e-01	4.856956e-05
2	6.900758e+01	3.790779e-01	4.807174e-05
2	6.909624e+01	3.809471e-01	4.881322e-05
2	6.918391e+01	3.827400e-01	4.877412e-05
2	6.927199e+01	3.844681e-01	4.876518e-05
2	6.935935e+01	3.861923e-01	4.828596e-05
2	6.944805e+01	3.879776e-01	4.830551e-05
2	6.953602e+01	3.897171e-01	4.848969e-05
2	6.962345e+01	3.914680e-01	4.828072e-05
2	6.971159e+01	3.931885e-01	4.830122e-05
2	6.979979e+01	3.950119e-01	4.798710e-05
2	6.988818e+01	3.968391e-01	4.843426e-05
2	6.997581e+01	3.985558e-01	4.862499e-05
2	7.006382e+01	4.002647e-01	4.841268e-05
2	7.015218e+01	4.021263e-01	4.880023e-05
2	7.023990e+01	4.038200e-01	4.809284e-05
2	7.032818e+01	4.056473e-01	4.846156e-05
2	7.041560e+01	4.073143e-01	4.858744e-05
2	7.050430e+01	4.089890e-01	4.840779e-05
2	7.059139e+01	4.108315e-01	4.840744e-05
2	7.067934e+01	4.126015e-01	4.817021e-05
2	7.076777e+01	4.142647e-01	4.850948e-05
2	7.085578e+01	4.160500e-01	4.832566e-05
2	7.094416e+01	4.179192e-01	4.859185e-05
2	7.103203e+01	4.196358e-01	4.868138e-05
2	7.111934e+01	4.213448e-01	4.812717e-05
2	7.120748e+01	4.231529e-01	4.855585e-05
2	7.129620e+01	4.249001e-01	4.871762e-05
2	7.138372e+01	4.267082e-01	4.877269e-05
2	7.147138e+01	4.284897e-01	4.858029e-05
2	7.156009e+01	4.301033e-01	4.815531e-05
2	7.164818e+01	4.319305e-01	4.830313e-05
2	7.173555e+01	4.337120e-01	4.851961e-05
2	7.182408e+01	4.353561e-01	4.823828e-05
2	7.191170e+01	4.372520e-01	4.872632e-05
2	7.200005e+01	4.390221e-01	4.868972e-05
2	7.208822e+01	4.406891e-01	4.822397e-05
2	7.217601e+01	4.424858e-01	4.870522e-05
2	7.226384e+01	4.442101e-01	4.868996e-05
2	7.235168e+01	4.461098e-01	4.913044e-05
2	7.243944e+01	4.477425e-01	4.855716e-05
2	7.252740e+01	4.494553e-01	4.881322e-05
2	7.261526e+01	4.514046e-01	4.867470e-05
2	7.270414e+01	4.530373e-01	4.815161e-05
2	7.279178e+01	4.548225e-01	4.867136e-05
2	7.287954e+01	4.566460e-01	4.867768e-05
2	7.296762e+01	4.583473e-01	4.877448e-05
2	7.305609e+01	4.601517e-01	4.845643e-05
2	7.314335e+01	4.618378e-01	4.864979e-05
2	7.323188e+01	4.634857e-01	4.866886e-05
2	7.332022e+01	4.654541e-01	4.876983e-05
2	7.340738e+01	4.669876e-01	4.796648e-05
2	7.349585e+01	4.688873e-01	4.878795e-05
2	7.358358e+01	4.706688e-01	4.844105e-05
2	7.367160e+01	4.723625e-01	4.858673e-05
2	7.375944e+01	4.742470e-01	4.921710e-05
2	7.384820e+01	4.758987e-01	4.878640e-05
2	7.393555e+01	4.777451e-01	4.864192e-05
2	7.402361e+01	4.793930e-01	4.857302e-05
2	7.411133e+01	4.811897e-01	4.864359e-05
2	7.419949e+01	4.829445e-01	4.870987e-05
2	7.428824e+01	4.847107e-01	4.860508e-05
2	7.437614e+01	4.864883e-01	4.839981e-05
2	7.446386e+01	4.882240e-01	4.822135e-05
2	7.455139e+01	4.900627e-01	4.876208e-05
2	7.463940e+01	4.917183e-01	4.938936e-05
2	7.472773e+01	4.934769e-01	4.869771e-05
2	7.481616e+01	4.953308e-01	4.896891e-05
2	7.490410e+01	4.971085e-01	4.881740e-05
2	7.499170e+01	4.988480e-01	4.904795e-05
2	7.508002e+01	5.006142e-01	4.854596e-05
2	7.516755e+01	4.991722e-01	2.294314e-05
2	7.525617e+01	4.973526e-01	2.915502e-06
2	7.534348e+01	4.956245e-01	-1.087201e-05
2	7.543142e+01	4.937592e-01	-2.071083e-05
2	7.551953e+01	4.920197e-01	-2.758968e-05
2	7.560817e+01	4.902611e-01	-3.189409e-05
2	7.569535e+01	4.885292e-01	-3.526413e-05
2	7.578429e+01	4.868050e-01	-3.814816e-05
2	7.587188e+01	4.848289e-01	-3.959239e-05
2	7.595975e+01	4.832993e-01	-4.073143e-05
2	7.604760e+01	4.814987e-01	-4.121292e-05
2	7.613579e+01	4.797249e-01	-4.229665e-05
2	7.622419e+01	4.779358e-01	-4.248524e-05
2	7.631224e+01	4.762192e-01	-4.302001e-05
2	7.639978e+01	4.744530e-01	-4.325533e-05
2	7.648799e+01	4.726410e-01	-4.374671e-05
2	7.657608e+01	4.708939e-01	-4.363656e-05
2	7.666388e+01	4.691391e-01	-4.419839e-05
2	7.675183e+01	4.673653e-01	-4.395890e-05
2	7.684001e+01	4.655914e-01	-4.449594e-05
2	7.692772e+01	4.640007e-01	-4.437864e-05
2	7.701563e+01	4.622154e-01	-4.445076e-05
2	7.710429e+01	4.603424e-01	-4.444218e-05
2	7.719156e+01	4.586601e-01	-4.420042e-05
2	7.727962e+01	4.567680e-01	-4.520583e-05
2	7.736793e+01	4.550285e-01	-4.457223e-05
2	7.745574e+01	4.532166e-01	-4.504180e-05
2	7.754348e+01	4.515343e-01	-4.457164e-05
2	7.763231e+01	4.497948e-01	-4.491234e-05
2	7.771953e+01	4.479523e-01	-4.485595e-05
2	7.780741e+01	4.463387e-01	-4.479992e-05
2	7.789536e+01	4.445305e-01	-4.516625e-05
2	7.798404e+01	4.427032e-01	-4.544091e-05
2	7.807215e+01	4.410667e-01	-4.511392e-05
2	7.815954e+01	4.392815e-01	-4.516459e-05
2	7.824746e+01	4.375229e-01	-4.538321e-05
2	7.833589e+01	4.357033e-01	-4.567575e-05
2	7.842432e+01	4.340172e-01	-4.543221e-05
2	7.851206e+01	4.322662e-01	-4.535115e-05
2	7.859960e+01	4.304886e-01	-4.510927e-05
2	7.868795e+01	4.287949e-01	-4.574144e-05
2	7.877576e+01	4.268532e-01	-4.547477e-05
2	7.886359e+01	4.250526e-01	-4.592669e-05
2	7.895217e+01	4.233437e-01	-4.530907e-05
2	7.904017e+01	4.216385e-01	-4.603744e-05
2	7.912747e+01	4.199333e-01	-4.583347e-05
2	7.921583e+01	4.181747e-01	-4.540956e-05
2	7.930399e+01	4.163322e-01	-4.596972e-05
2	7.939207e+01	4.146156e-01	-4.542542e-05
2	7.947961e+01	4.129105e-01	-4.555821e-05
2	7.956791e+01	4.110870e-01	-4.609752e-05
2	7.965584e+01	4.093781e-01	-4.564679e-05
2	7.974362e+01	4.075775e-01	-4.592490e-05
2	7.983218e+01	4.058304e-01	-4.574490e-05
2	7.991931e+01	4.040375e-01	-4.604256e-05
2	8.000750e+01	4.022598e-01	-4.577231e-05
2	8.009575e+01	4.005661e-01	-4.596031e-05
2	8.018374e+01	3.987961e-01	-4.599214e-05
2	8.027216e+01	3.970680e-01	-4.585934e-05
2	8.035991e+01	3.951569e-01	-4.588866e-05
2	8.044789e+01	3.934898e-01	-4.636693e-05
2	8.053615e+01	3.917618e-01	-4.628026e-05
2	8.062427e+01	3.899384e-01	-4.612803e-05
2	8.071142e+01	3.882332e-01	-4.605198e-05
2	8.079973e+01	3.865433e-01	-4.594553e-05
2	8.088803e+01	3.847733e-01	-4.580486e-05
2	8.097551e+01	3.829575e-01	-4.630291e-05
2	8.106382e+01	3.812103e-01	-4.633236e-05
2	8.115195e+01	3.793449e-01	-4.650521e-05
2	8.123942e+01	3.776665e-01	-4.621017e-05
2	8.132816e+01	3.759575e-01	-4.596949e-05
2	8.141541e+01	3.741875e-01	-4.630697e-05
2	8.150377e+01	3.724670e-01	-4.607534e-05
2	8.159145e+01	3.707161e-01	-4.628146e-05
2	8.167975e+01	3.688850e-01	-4.648221e-05
2	8.176750e+01	3.672028e-01	-4.607606e-05
2	8.185587e+01	3.653564e-01	-4.640198e-05
2	8.194428e+01	3.635788e-01	-4.677892e-05
2	8.203173e+01	3.618774e-01	-4.679847e-05
2	8.212012e+01	3.599739e-01	-4.677165e-05
2	8.220818e+01	3.582764e-01	-4.649460e-05
2	8.229545e+01	3.566208e-01	-4.628873e-05
2	8.238416e+01	3.547821e-01	-4.665148e-05
2	8.247180e+01	3.530807e-01	-4.644632e-05
2	8.255979e+01	3.512878e-01	-4.643357e-05
2	8.264798e+01	3.495407e-01	-4.663956e-05
2	8.273572e+01	3.477173e-01	-4.648387e-05
2	8.282358e+01	3.460426e-01	-4.624236e-05
2	8.291136e+01	3.442307e-01	-4.685140e-05
2	8.299992e+01	3.423119e-01	-4.648077e-05
2	8.308761e+01	3.406143e-01	-4.707980e-05
2	8.317551e+01	3.388481e-01	-4.654527e-05
2	8.326336e+01	3.372154e-01	-4.681170e-05
2	8.335207e+01	3.354759e-01	-4.678929e-05
2	8.344016e+01	3.336945e-01	-4.634047e-05
2	8.352827e+01	3.319321e-01	-4.679847e-05
2	8.361536e+01	3.302231e-01	-4.652548e-05
2	8.370369e+01	3.283997e-01	-4.674029e-05
2	8.379165e+01	3.267288e-01	-4.622960e-05
2	8.388027e+01	3.248863e-01	-4.654789e-05
2	8.396806e+01	3.230743e-01	-4.701602e-05
2	8.405535e+01	3.213310e-01	-4.677117e-05
2	8.414391e+01	3.196983e-01	-4.636145e-05
2	8.423148e+01	3.177910e-01	-4.669631e-05
2	8.431968e+01	3.160858e-01	-4.644549e-05
2	8.440748e+01	3.143425e-01	-4.689026e-05
2	8.449573e+01	3.126907e-01	-4.687881e-05
2	8.458398e+01	3.107758e-01	-4.663324e-05
2	8.467143e+01	3.090134e-01	-4.698467e-05
2	8.476017e+01	3.072395e-01	-4.685855e-05
2	8.484779e+01	3.055305e-01	-4.631341e-05
2	8.493597e+01	3.036537e-01	-4.700959e-05
2	8.502404e+01	3.020020e-01	-4.657054e-05
2	8.511138e+01	3.002548e-01	-4.692709e-05
2	8.520021e+01	2.985344e-01	-4.673839e-05
2	8.528820e+01	2.967567e-01	-4.709697e-05
2	8.537538e+01	2.949715e-01	-4.691100e-05
2	8.546353e+01	2.931480e-01	-4.719651e-05
2	8.555147e+01	2.914505e-01	-4.693341e-05
2	8.563973e+01	2.896919e-01	-4.715312e-05
2	8.572775e+01	2.879105e-01	-4.735672e-05
2	8.581577e+01	2.860565e-01	-4.727304e-05
2	8.590398e+01	2.844200e-01	-4.668248e-05
2	8.599217e+01	2.826424e-01	-4.696596e-05
2	8.608003e+01	2.808571e-01	-4.690993e-05
2	8.616739e+01	2.791061e-01	-4.718959e-05
2	8.625631e+01	2.773819e-01	-4.717588e-05
2	8.634430e+01	2.756386e-01	-4.703081e-05
2	8.643173e+01	2.738228e-01	-4.699194e-05
2	8.651937e+01	2.721176e-01	-4.663825e-05
2	8.660753e+01	2.702370e-01	-4.704082e-05
2	8.669585e+01	2.685127e-01	-4.675174e-05
2	8.678395e+01	2.667694e-01	-4.705608e-05
2	8.687229e+01	2.649765e-01	-4.708469e-05
2	8.695978e+01	2.633705e-01	-4.704034e-05
2	8.704817e+01	2.616768e-01	-4.722190e-05
2	8.713558e+01	2.598114e-01	-4.693353e-05
2	8.722408e+01	2.581482e-01	-4.668558e-05
2	8.731189e+01	2.563133e-01	-4.710519e-05
2	8.740017e+01	2.545471e-01	-4.722488e-05
2	8.748803e+01	2.527008e-01	-4.752576e-05
2	8.757615e+01	2.509727e-01	-4.742825e-05
2	8.766349e+01	2.492447e-01	-4.706860e-05
2	8.775192e+01	2.475853e-01	-4.680932e-05
2	8.783956e+01	2.457542e-01	-4.740417e-05
2	8.792828e+01	2.439423e-01	-4.738688e-05
2	8.801607e+01	2.421036e-01	-4.716420e-05
2	8.810341e+01	2.405014e-01	-4.728639e-05
2	8.819128e+01	2.385750e-01	-4.799283e-05
2	8.827936e+01	2.369080e-01	-4.716134e-05
2	8.836801e+01	2.351608e-01	-4.761410e-05
2	8.845559e+01	2.332687e-01	-4.735124e-05
2	8.854375e+01	2.315216e-01	-4.728866e-05
2	8.863200e+01	2.298546e-01	-4.713285e-05
2	8.871938e+01	2.280846e-01	-4.670775e-05
2	8.880795e+01	2.263184e-01	-4.676485e-05
2	8.889615e+01	2.245483e-01	-4.730487e-05
2	8.898394e+01	2.227364e-01	-4.736769e-05
2	8.907187e+01	2.209854e-01	-4.725087e-05
2	8.916027e+01	2.193718e-01	-4.709697e-05
2	8.924822e+01	2.176018e-01	-4.726076e-05
2	8.933553e+01	2.157288e-01	-4.777217e-05
2	8.942392e+01	2.140694e-01	-4.715431e-05
2	8.951192e+01	2.121887e-01	-4.751301e-05
2	8.959936e+01	2.104874e-01	-4.729962e-05
2	8.968757e+01	2.087631e-01	-4.738665e-05
2	8.977627e+01	2.069855e-01	-4.776013e-05
2	8.986349e+01	2.052536e-01	-4.734778e-05
2	8.995147e+01	2.034950e-01	-4.697299e-05
2	9.004018e+01	2.015839e-01	-4.803431e-05
2	9.012739e+01	1.999016e-01	-4.726934e-05
2	9.021586e+01	1.983032e-01	-4.739523e-05
2	9.030387e+01	1.963844e-01	-4.748595e-05
2	9.039140e+01	1.946526e-01	-4.738843e-05
2	9.047970e+01	1.928902e-01	-4.713774e-05
2	9.056743e+01	1.911888e-01	-4.732931e-05
2	9.065531e+01	1.894073e-01	-4.754579e-05
2	9.074353e+01	1.875954e-01	-4.723990e-05
2	9.083163e+01	1.859245e-01	-4.691935e-05
2	9.091966e+01	1.841431e-01	-4.775500e-05
2	9.100826e+01	1.823845e-01	-4.719687e-05
2	9.109617e+01	1.805153e-01	-4.790366e-05
2	9.118363e+01	1.788673e-01	-4.711449e-05
2	9.127225e+01	1.770248e-01	-4.750383e-05
2	9.135932e+01	1.753616e-01	-4.731607e-05
2	9.144823e+01	1.735802e-01	-4.731464e-05
2	9.153607e+01	1.718330e-01	-4.771626e-05
2	9.162381e+01	1.700516e-01	-4.712272e-05
2	9.171144e+01	1.682816e-01	-4.744124e-05
2	9.179972e+01	1.666489e-01	-4.743028e-05
2	9.188760e+01	1.646729e-01	-4.770076e-05
2	9.197602e+01	1.630745e-01	-4.743814e-05
2	9.206386e+01	1.612053e-01	-4.762518e-05
2	9.215143e+01	1.595383e-01	-4.779375e-05
2	9.223972e+01	1.576385e-01	-4.786527e-05
2	9.232771e+01	1.560555e-01	-4.746246e-05
2	9.241573e+01	1.542397e-01	-4.741979e-05
2	9.250423e+01	1.525078e-01	-4.715335e-05
2	9.259139e+01	1.507225e-01	-4.742301e-05
2	9.268030e+01	1.489105e-01	-4.773510e-05
2	9.276751e+01	1.471786e-01	-4.753506e-05
2	9.285613e+01	1.453705e-01	-4.784310e-05
2	9.294404e+01	1.436958e-01	-4.775989e-05
2	9.303232e+01	1.418839e-01	-4.762173e-05
2	9.311938e+01	1.400757e-01	-4.760182e-05
2	9.320796e+01	1.383553e-01	-4.752660e-05
2	9.329562e+01	1.365395e-01	-4.790270e-05
2	9.338386e+01	1.347733e-01	-4.721642e-05
2	9.347184e+01	1.331100e-01	-4.748464e-05
2	9.356024e+01	1.313667e-01	-4.737568e-05
2	9.364778e+01	1.295090e-01	-4.805911e-05
2	9.373557e+01	1.277504e-01	-4.763365e-05
2	9.382379e+01	1.260834e-01	-4.740500e-05
2	9.391189e+01	1.242905e-01	-4.763937e-05
2	9.400003e+01	1.226692e-01	-4.739964e-05
2	9.408774e+01	1.208878e-01	-4.747260e-05
2	9.417577e+01	1.190338e-01	-4.802239e-05
2	9.426373e+01	1.172981e-01	-4.755533e-05
2	9.435194e+01	1.155853e-01	-4.766762e-05
2	9.444004e+01	1.138000e-01	-4.797983e-05
2	9.452803e+01	1.119156e-01	-4.808652e-05
2	9.461577e+01	1.102638e-01	-4.769671e-05
2	9.470366e+01	1.084251e-01	-4.771507e-05
2	9.479217e+01	1.066093e-01	-4.796302e-05
2	9.488004e+01	1.048851e-01	-4.769051e-05
2	9.496814e+01	1.031952e-01	-4.772043e-05
2	9.505534e+01	1.013908e-01	-4.783487e-05
2	9.514395e+01	9.949875e-02	-4.802120e-05
2	9.523190e+01	9.792328e-02	-4.726207e-05
2	9.531974e+01	9.616470e-02	-4.775512e-05
2	9.540767e+01	9.440231e-02	-4.777074e-05
2	9.549594e+01	9.252167e-02	-4.800320e-05
2	9.558348e+01	9.078979e-02	-4.816914e-05
2	9.567216e+01	8.915329e-02	-4.722083e-05
2	9.575979e+01	8.724594e-02	-4.797125e-05
2	9.584747e+01	8.561707e-02	-4.765069e-05
2	9.593568e+01	8.388138e-02	-4.791212e-05
2	9.602331e+01	8.210754e-02	-4.761171e-05
2	9.611180e+01	8.030701e-02	-4.781425e-05
2	9.619977e+01	7.847977e-02	-4.772830e-05
2	9.628747e+01	7.674408e-02	-4.764795e-05
2	9.637539e+01	7.503510e-02	-4.777837e-05
2	9.646431e+01	7.319641e-02	-4.803765e-05
2	9.655145e+01	7.149124e-02	-4.807472e-05
2	9.664029e+01	6.968307e-02	-4.788899e-05
2	9.672780e+01	6.801224e-02	-4.768014e-05
2	9.681597e+01	6.626892e-02	-4.770017e-05
2	9.690358e+01	6.442642e-02	-4.813445e-05
2	9.699190e+01	6.270218e-02	-4.758346e-05
2	9.708029e+01	6.097794e-02	-4.773831e-05
2	9.716807e+01	5.924988e-02	-4.807007e-05
2	9.725594e+01	5.746460e-02	-4.775953e-05
2	9.734412e+01	5.560303e-02	-4.816008e-05
2	9.743177e+01	5.394745e-02	-4.776645e-05
2	9.751992e+01	5.216980e-02	-4.771030e-05
2	9.760784e+01	5.044937e-02	-4.779780e-05
2	9.769536e+01	4.858780e-02	-4.815006e-05
2	9.778351e+01	4.687500e-02	-4.802215e-05
2	9.787167e+01	4.502869e-02	-4.814851e-05
2	9.795938e+01	4.346085e-02	-4.756093e-05
2	9.804802e+01	4.166031e-02	-4.771113e-05
2	9.813576e+01	3.987885e-02	-4.791701e-05
2	9.822356e+01	3.813171e-02	-4.789186e-05
2	9.831198e+01	3.633499e-02	-4.783678e-05
2	9.839988e+01	3.460312e-02	-4.798460e-05
2	9.848770e+01	3.277206e-02	-4.812956e-05
2	9.857609e+01	3.107452e-02	-4.772162e-05
2	9.866347e+01	2.920914e-02	-4.810393e-05
2	9.875152e+01	2.749634e-02	-4.776752e-05
2	9.883945e+01	2.577209e-02	-4.809630e-05
2	9.892796e+01	2.390289e-02	-4.817092e-05
2	9.901553e+01	2.226639e-02	-4.762959e-05
2	9.910389e+01	2.059555e-02	-4.787958e-05
2	9.919180e+01	1.871872e-02	-4.808807e-05
2	9.927968e+01	1.684952e-02	-4.826093e-05
2	9.936803e+01	1.520157e-02	-4.799521e-05
2	9.945535e+01	1.345825e-02	-4.775417e-05
2	9.954326e+01	1.168442e-02	-4.817283e-05
2	9.963205e+01	9.986877e-03	-4.787529e-05
2	9.971995e+01	8.121490e-03	-4.803753e-05
2	9.980749e+01	6.404877e-03	-4.786658e-05
2	9.989546e+01	4.604340e-03	-4.821706e-05
2	9.998394e+01	2.952576e-03	-4.787266e-05
3	1.000720e+02	1.194000e-03	-4.812694e-05
3	1.001600e+02	2.281189e-03	-2.505410e-05
3	1.002492e+02	4.047394e-03	-3.828645e-06
3	1.003368e+02	5.863190e-03	1.016617e-05
3	1.004252e+02	7.621765e-03	2.053189e-05
3	1.005152e+02	9.426117e-03	2.757239e-05
3	1.006005e+02	1.117706e-02	3.256261e-05
3	1.006876e+02	1.287079e-02	3.522563e-05
3	1.007761e+02	1.460266e-02	3.804302e-05
3	1.008641e+02	1.631927e-02	3.982294e-05
3	1.009522e+02	1.824570e-02	4.130530e-05
3	1.010394e+02	1.996994e-02	4.213715e-05
3	1.011273e+02	2.168274e-02	4.271615e-05
3	1.012160e+02	2.337646e-02	4.349220e-05
3	1.013036e+02	2.524567e-02	4.364121e-05
3	1.013920e+02	2.698517e-02	4.372549e-05
3	1.014794e+02	2.874374e-02	4.402423e-05
3	1.015678e+02	3.050613e-02	4.457319e-05
3	1.016558e+02	3.231049e-02	4.479754e-05
3	1.017441e+02	3.387070e-02	4.487991e-05
3	1.018321e+02	3.571701e-02	4.457700e-05
3	1.019196e+02	3.750229e-02	4.478610e-05
3	1.020073e+02	3.922272e-02	4.540598e-05
3	1.020960e+02	4.108429e-02	4.543042e-05
3	1.021837e+02	4.269028e-02	4.537189e-05
3	1.022714e+02	4.457855e-02	4.555535e-05
3	1.023613e+02	4.618073e-02	4.505706e-05
3	1.024475e+02	4.802322e-02	4.532397e-05
3	1.025372e+02	4.978943e-02	4.561579e-05
3	1.026241e+02	5.161285e-02	4.577303e-05
3	1.027118e+02	5.334473e-02	4.595280e-05
3	1.028002e+02	5.505753e-02	4.564798e-05
3	1.028879e+02	5.688858e-02	4.587364e-05
3	1.029758e+02	5.871582e-02	4.616392e-05
3	1.030642e+02	6.032562e-02	4.528487e-05
3	1.031519e+02	6.206894e-02	4.622161e-05
3	1.032400e+02	6.387711e-02	4.618418e-05
3	1.033279e+02	6.562805e-02	4.584014e-05
3	1.034159e+02	6.746674e-02	4.599583e-05
3	1.035038e+02	6.925201e-02	4.647636e-05
3	1.035921e+02	7.083130e-02	4.609156e-05
3	1.036798e+02	7.273102e-02	4.629636e-05
3	1.037681e+02	7.444000e-02	4.608309e-05
3	1.038559e+02	7.604599e-02	4.616082e-05
3	1.039435e+02	7.798004e-02	4.633701e-05
3	1.040315e+02	7.961273e-02	4.626679e-05
3	1.041198e+02	8.136749e-02	4.612088e-05
3	1.042081e+02	8.324814e-02	4.666424e-05
3	1.042962e+02	8.503723e-02	4.646266e-05
3	1.043833e+02	8.683395e-02	4.655921e-05
3	1.044714e+02	8.842468e-02	4.642355e-05
3	1.045593e+02	9.031296e-02	4.696596e-05
3	1.046480e+02	9.204102e-02	4.634726e-05
3	1.047361e+02	9.375381e-02	4.630530e-05
3	1.048242e+02	9.550476e-02	4.649210e-05
3	1.049116e+02	9.727097e-02	4.679024e-05
3	1.049997e+02	9.903336e-02	4.632533e-05
3	1.050873e+02	1.008759e-01	4.679072e-05
3	1.051755e+02	1.024933e-01	4.666209e-05
3	1.052635e+02	1.043396e-01	4.687357e-05
3	1.053516e+02	1.061020e-01	4.670048e-05
3	1.054401e+02	1.078911e-01	4.652274e-05
3	1.055273e+02	1.096306e-01	4.692650e-05
3	1.056156e+02	1.113815e-01	4.698050e-05
3	1.057039e+02	1.131477e-01	4.687357e-05
3	1.057915e+02	1.148987e-01	4.676080e-05
3	1.058795e+02	1.167717e-01	4.743230e-05
3	1.059679e+02	1.183662e-01	4.696143e-05
3	1.060559e+02	1.201706e-01	4.737139e-05
3	1.061433e+02	1.219101e-01	4.703546e-05
3	1.062314e+02	1.237450e-01	4.698896e-05
3	1.063202e+02	1.254616e-01	4.706168e-05
3	1.064077e+02	1.273384e-01	4.708683e-05
3	1.064960e+02	1.290512e-01	4.689682e-05
3	1.065835e+02	1.307869e-01	4.703832e-05
3	1.066721e+02	1.325874e-01	4.738247e-05
3	1.067599e+02	1.341972e-01	4.667127e-05
3	1.068481e+02	1.360703e-01	4.707313e-05
3	1.069359e+02	1.377525e-01	4.700673e-05
3	1.070233e+02	1.394348e-01	4.685414e-05
3	1.071118e+02	1.414146e-01	4.762352e-05
3	1.071997e+02	1.431274e-01	4.718065e-05
3	1.072879e+02	1.448135e-01	4.712617e-05
3	1.073758e+02	1.464691e-01	4.677439e-05
3	1.074635e+02	1.484261e-01	4.758310e-05
3	1.075518e+02	1.501503e-01	4.708958e-05
3	1.076405e+02	1.519470e-01	4.721189e-05
3	1.077282e+02	1.535912e-01	4.701030e-05
3	1.078153e+02	1.554184e-01	4.714072e-05
3	1.079033e+02	1.571465e-01	4.731190e-05
3	1.079915e+02	1.589928e-01	4.780364e-05
3	1.080795e+02	1.606102e-01	4.679048e-05
3	1.081682e+02	1.623497e-01	4.709375e-05
3	1.082557e+02	1.642456e-01	4.770076e-05
3	1.083434e+02	1.658783e-01	4.710352e-05
3	1.084318e+02	1.677399e-01	4.716384e-05
3	1.085193e+02	1.693954e-01	4.724741e-05
3	1.086081e+02	1.712036e-01	4.731774e-05
3	1.086954e+02	1.729393e-01	4.734468e-05
3	1.087835e+02	1.747932e-01	4.777598e-05
3	1.088718e+02	1.764793e-01	4.705882e-05
3	1.089598e+02	1.782837e-01	4.759324e-05
3	1.090474e+02	1.800117e-01	4.720378e-05
3	1.091362e+02	1.817970e-01	4.746604e-05
3	1.092239e+02	1.834297e-01	4.722631e-05
3	1.093121e+02	1.854172e-01	4.794145e-05
3	1.093998e+02	1.869698e-01	4.723799e-05
3	1.094876e+02	1.887894e-01	4.715276e-05
3	1.095753e+02	1.905022e-01	4.715240e-05
3	1.096635e+02	1.923218e-01	4.759383e-05
3	1.097519e+02	1.941147e-01	4.762197e-05
3	1.098397e+02	1.958771e-01	4.760182e-05
3	1.099282e+02	1.976700e-01	4.731679e-05
3	1.100163e+02	1.993294e-01	4.764438e-05
3	1.101040e+02	2.011261e-01	4.749012e-05
3	1.101917e+02	2.029114e-01	4.745007e-05
3	1.102798e+02	2.045937e-01	4.706514e-05
3	1.103677e+02	2.063637e-01	4.724348e-05
3	1.104557e+02	2.080956e-01	4.785669e-05
3	1.105437e+02	2.098656e-01	4.743230e-05
3	1.106319e+02	2.117424e-01	4.790401e-05
3	1.107232e+02	2.134018e-01	4.770243e-05
3	1.108102e+02	2.152710e-01	4.768741e-05
3	1.108960e+02	2.170601e-01	4.772830e-05
3	1.109839e+02	2.186394e-01	4.772091e-05
3	1.110713e+02	2.204971e-01	4.778564e-05
3	1.111602e+02	2.222176e-01	4.738986e-05
3	1.112479e+02	2.239609e-01	4.725587e-05
3	1.113359e+02	2.257423e-01	4.786181e-05
3	1.114236e+02	2.273827e-01	4.740608e-05
3	1.115116e+02	2.292709e-01	4.791033e-05
3	1.116012e+02	2.311287e-01	4.780078e-05
3	1.116932e+02	2.328644e-01	4.749882e-05
3	1.117754e+02	2.328644e-01	4.749882e-05
3	1.118641e+02	2.346725e-01	4.798496e-05
3	1.119522e+02	2.380295e-01	4.787767e-05
3	1.120393e+02	2.398415e-01	4.833186e-05
3	1.121282e+02	2.415886e-01	4.799139e-05
3	1.122160e+02	2.433777e-01	4.827869e-05
3	1.123037e+02	2.451668e-01	4.822063e-05
3	1.123921e+02	2.469368e-01	4.760444e-05
3	1.124799e+02	2.487144e-01	4.803908e-05
3	1.125678e+02	2.504959e-01	4.802346e-05
3	1.126558e+02	2.522087e-01	4.766369e-05
3	1.127443e+02	2.539597e-01	4.780471e-05
3	1.128321e+02	2.556038e-01	4.799259e-05
3	1.129194e+02	2.575378e-01	4.788780e-05
3	1.130079e+02	2.592506e-01	4.834461e-05
3	1.130961e+02	2.609444e-01	4.738832e-05
3	1.131838e+02	2.626839e-01	4.734039e-05
3	1.132719e+02	2.645111e-01	4.808438e-05
3	1.133601e+02	2.663651e-01	4.802179e-05
3	1.134482e+02	2.680244e-01	4.807520e-05
3	1.135354e+02	2.697182e-01	4.766345e-05
3	1.136240e+02	2.715073e-01	4.780674e-05
3	1.137119e+02	2.733192e-01	4.772270e-05
3	1.137999e+02	2.750587e-01	4.787350e-05
3	1.138882e+02	2.769051e-01	4.818082e-05
3	1.139763e+02	2.784538e-01	4.758918e-05
3	1.140633e+02	2.803383e-01	4.794085e-05
3	1.141518e+02	2.820396e-01	4.824519e-05
3	1.142397e+02	2.837830e-01	4.777741e-05
3	1.143281e+02	2.855339e-01	4.789364e-05
3	1.144161e+02	2.873268e-01	4.785943e-05
3	1.145038e+02	2.891579e-01	4.820073e-05
3	1.145921e+02	2.908821e-01	4.776585e-05
3	1.146797e+02	2.925682e-01	4.795122e-05
3	1.147682e+02	2.944183e-01	4.840660e-05
3	1.148553e+02	2.961159e-01	4.816425e-05
3	1.149452e+02	2.978897e-01	4.751396e-05
3	1.150317e+02	2.996788e-01	4.809761e-05
3	1.151196e+02	3.014183e-01	4.770136e-05
3	1.152073e+02	3.031540e-01	4.838860e-05
3	1.152956e+02	3.048248e-01	4.807937e-05
3	1.153833e+02	3.067017e-01	4.802477e-05
3	1.154721e+02	3.085213e-01	4.805052e-05
3	1.155595e+02	3.102226e-01	4.820907e-05
3	1.156477e+02	3.120956e-01	4.820907e-05
3	1.157353e+02	3.138199e-01	4.841399e-05
3	1.158236e+02	3.154602e-01	4.780686e-05
3	1.159121e+02	3.171806e-01	4.798496e-05
3	1.160001e+02	3.190079e-01	4.825544e-05
3	1.160880e+02	3.207817e-01	4.806149e-05
3	1.161754e+02	3.224983e-01	4.817414e-05
3	1.162635e+02	3.242264e-01	4.806793e-05
3	1.163521e+02	3.261642e-01	4.833448e-05
3	1.164399e+02	3.278160e-01	4.781413e-05
3	1.165280e+02	3.295135e-01	4.807711e-05
3	1.166154e+02	3.312569e-01	4.852068e-05
3	1.167038e+02	3.331375e-01	4.842722e-05
3	1.167918e+02	3.348694e-01	4.816031e-05
3	1.168795e+02	3.366356e-01	4.809475e-05
3	1.169677e+02	3.383255e-01	4.774308e-05
3	1.170559e+02	3.401146e-01	4.813516e-05
3	1.171439e+02	3.417854e-01	4.804194e-05
3	1.172316e+02	3.436089e-01	4.819715e-05
3	1.173196e+02	3.454018e-01	4.801178e-05
3	1.174083e+02	3.471947e-01	4.809558e-05
3	1.174954e+02	3.488922e-01	4.804218e-05
3	1.175836e+02	3.506203e-01	4.832876e-05
3	1.176716e+02	3.525009e-01	4.809749e-05
3	1.177601e+02	3.542633e-01	4.843259e-05
3	1.178479e+02	3.558693e-01	4.815423e-05
3	1.179357e+02	3.577614e-01	4.825306e-05
3	1.180239e+02	3.595772e-01	4.840696e-05
3	1.181123e+02	3.611755e-01	4.837418e-05
3	1.181993e+02	3.628883e-01	4.785645e-05
3	1.182881e+02	3.647003e-01	4.840064e-05
3	1.183754e+02	3.665581e-01	4.881549e-05
3	1.184642e+02	3.683205e-01	4.888463e-05
3	1.185542e+02	3.699989e-01	4.827857e-05
3	1.186401e+02	3.718033e-01	4.815507e-05
3	1.187275e+02	3.736725e-01	4.829538e-05
3	1.188162e+02	3.753548e-01	4.830718e-05
3	1.189035e+02	3.769951e-01	4.797983e-05
3	1.189916e+02	3.789062e-01	4.829264e-05
3	1.190792e+02	3.805504e-01	4.848218e-05
3	1.191680e+02	3.824272e-01	4.868901e-05
3	1.192562e+02	3.841820e-01	4.824889e-05
3	1.193440e+02	3.859482e-01	4.827237e-05
3	1.194321e+02	3.876610e-01	4.843092e-05
3	1.195249e+02	3.894806e-01	4.863822e-05
3	1.196076e+02	3.894806e-01	4.863822e-05
3	1.196958e+02	3.913231e-01	4.780126e-05
3	1.197842e+02	3.946648e-01	4.850662e-05
3	1.198719e+02	3.963623e-01	4.843402e-05
3	1.199595e+02	3.981857e-01	4.865420e-05
3	1.200474e+02	3.999596e-01	4.821455e-05
3	1.201362e+02	4.017525e-01	4.845667e-05
3	1.202236e+02	4.034157e-01	4.819489e-05
3	1.203117e+02	4.052391e-01	4.865766e-05
3	1.203993e+02	4.069977e-01	4.834390e-05
3	1.204874e+02	4.086380e-01	4.823804e-05
3	1.205763e+02	4.104729e-01	4.791141e-05
3	1.206637e+02	4.123039e-01	4.862797e-05
3	1.207516e+02	4.140244e-01	4.810643e-05
3	1.208409e+02	4.157066e-01	4.833996e-05
3	1.209281e+02	4.175339e-01	4.830945e-05
3	1.210155e+02	4.192657e-01	4.850972e-05
3	1.211042e+02	4.211006e-01	4.838371e-05
3	1.211916e+02	4.228287e-01	4.864740e-05
3	1.212793e+02	4.245453e-01	4.853332e-05
3	1.213683e+02	4.263496e-01	4.867446e-05
3	1.214561e+02	4.281311e-01	4.827607e-05
3	1.215432e+02	4.297791e-01	4.837561e-05
3	1.216320e+02	4.316406e-01	4.841912e-05
3	1.217201e+02	4.333229e-01	4.798329e-05
3	1.218073e+02	4.352226e-01	4.864562e-05
3	1.218956e+02	4.368858e-01	4.812658e-05
3	1.219838e+02	4.385452e-01	4.816675e-05
3	1.220716e+02	4.405441e-01	4.872727e-05
3	1.221594e+02	4.421463e-01	4.840875e-05
3	1.222477e+02	4.439125e-01	4.857850e-05
3	1.223360e+02	4.456139e-01	4.825997e-05
3	1.224239e+02	4.474258e-01	4.856992e-05
3	1.225116e+02	4.491234e-01	4.829168e-05
3	1.225998e+02	4.509773e-01	4.861653e-05
3	1.226874e+02	4.527054e-01	4.855335e-05
3	1.227763e+02	4.544487e-01	4.863369e-05
3	1.228639e+02	4.563217e-01	4.855740e-05
3	1.229520e+02	4.580040e-01	4.864395e-05
3	1.230397e+02	4.598351e-01	4.880571e-05
3	1.231278e+02	4.615822e-01	4.855931e-05
3	1.232156e+02	4.633789e-01	4.860210e-05
3	1.233037e+02	4.649506e-01	4.828370e-05
3	1.233917e+02	4.668312e-01	4.852664e-05
3	1.234799e+02	4.686050e-01	4.871655e-05
3	1.235674e+02	4.703903e-01	4.893088e-05
3	1.236559e+02	4.720306e-01	4.842949e-05
3	1.237437e+02	4.738846e-01	4.849231e-05
3	1.238315e+02	4.754868e-01	4.821944e-05
3	1.239194e+02	4.773750e-01	4.876709e-05
3	1.240079e+02	4.791489e-01	4.871798e-05
3	1.240956e+02	4.808846e-01	4.874301e-05
3	1.241841e+02	4.826622e-01	4.838324e-05
3	1.242723e+02	4.843330e-01	4.857528e-05
3	1.243596e+02	4.861794e-01	4.866517e-05
3	1.244482e+02	4.878960e-01	4.854620e-05
3	1.245362e+02	4.897232e-01	4.885495e-05
3	1.246237e+02	4.914665e-01	4.917109e-05
3	1.247122e+02	4.931908e-01	4.893911e-05
3	1.248000e+02	4.950218e-01	4.868555e-05
3	1.248881e+02	4.968681e-01	4.892290e-05
3	1.249758e+02	4.985199e-01	4.841840e-05
3	1.250636e+02	5.002899e-01	4.883635e-05
3	1.251518e+02	4.995193e-01	2.807117e-05
3	1.252395e+02	4.977531e-01	6.456733e-06
3	1.253276e+02	4.959297e-01	-9.099603e-06
3	1.254156e+02	4.941597e-01	-1.895356e-05
3	1.255052e+02	4.924088e-01	-2.627456e-05
3	1.255922e+02	4.906349e-01	-3.143525e-05
3	1.256796e+02	4.906349e-01	-3.143525e-05
3	1.257674e+02	4.888496e-01	-3.386450e-05
3	1.258562e+02	4.853592e-01	-3.909540e-05
3	1.259435e+02	4.834480e-01	-4.088759e-05
3	1.260317e+02	4.818344e-01	-4.145825e-05
3	1.261193e+02	4.799500e-01	-4.221523e-05
3	1.262077e+02	4.783211e-01	-4.267395e-05
3	1.262955e+02	4.765129e-01	-4.278576e-05
3	1.263836e+02	4.747200e-01	-4.325938e-05
3	1.264719e+02	4.730530e-01	-4.336977e-05
3	1.265598e+02	4.712715e-01	-4.361045e-05
3	1.266474e+02	4.693794e-01	-4.417956e-05
3	1.267357e+02	4.677429e-01	-4.431367e-05
3	1.268237e+02	4.659843e-01	-4.402244e-05
3	1.269117e+02	4.641151e-01	-4.444432e-05
3	1.269995e+02	4.624100e-01	-4.470325e-05
3	1.270881e+02	4.606400e-01	-4.437304e-05
3	1.271761e+02	4.589844e-01	-4.476762e-05
3	1.272637e+02	4.571075e-01	-4.485118e-05
3	1.273517e+02	4.552994e-01	-4.504120e-05
3	1.274402e+02	4.535255e-01	-4.475927e-05
3	1.275276e+02	4.519997e-01	-4.435027e-05
3	1.276155e+02	4.501534e-01	-4.505813e-05
3	1.277037e+02	4.483566e-01	-4.548824e-05
3	1.277918e+02	4.465904e-01	-4.549420e-05
3	1.278794e+02	4.447861e-01	-4.527342e-05
3	1.279679e+02	4.431343e-01	-4.500890e-05
3	1.280557e+02	4.413071e-01	-4.570460e-05
3	1.281435e+02	4.396400e-01	-4.506397e-05
3	1.282317e+02	4.377861e-01	-4.518306e-05
3	1.283199e+02	4.360390e-01	-4.530120e-05
3	1.284073e+02	4.342804e-01	-4.523599e-05
3	1.284954e+02	4.324760e-01	-4.576647e-05
3	1.285838e+02	4.308548e-01	-4.548621e-05
3	1.286716e+02	4.290199e-01	-4.569399e-05
3	1.287599e+02	4.274101e-01	-4.527450e-05
3	1.288478e+02	4.254456e-01	-4.591179e-05
3	1.289354e+02	4.236069e-01	-4.557574e-05
3	1.290239e+02	4.219437e-01	-4.561460e-05
3	1.291115e+02	4.202156e-01	-4.576647e-05
3	1.291996e+02	4.184341e-01	-4.626417e-05
3	1.292877e+02	4.166565e-01	-4.557645e-05
3	1.293755e+02	4.149780e-01	-4.564643e-05
3	1.294637e+02	4.132118e-01	-4.552341e-05
3	1.295516e+02	4.114647e-01	-4.595041e-05
3	1.296399e+02	4.096870e-01	-4.606152e-05
3	1.297273e+02	4.078598e-01	-4.603195e-05
3	1.298156e+02	4.061356e-01	-4.618454e-05
3	1.299039e+02	4.043045e-01	-4.588902e-05
3	1.299914e+02	4.026871e-01	-4.598069e-05
3	1.300794e+02	4.008751e-01	-4.616237e-05
3	1.301702e+02	3.991089e-01	-4.615700e-05
3	1.302592e+02	3.973045e-01	-4.634154e-05
3	1.303436e+02	3.955536e-01	-4.581165e-05
3	1.304314e+02	3.937874e-01	-4.573023e-05
3	1.305195e+02	3.920975e-01	-4.610240e-05
3	1.306073e+02	3.903008e-01	-4.629087e-05
3	1.306957e+02	3.885612e-01	-4.634953e-05
3	1.307833e+02	3.868866e-01	-4.624701e-05
3	1.308718e+02	3.849907e-01	-4.619443e-05
3	1.309595e+02	3.833351e-01	-4.650187e-05
3	1.310478e+02	3.815918e-01	-4.615045e-05
3	1.311352e+02	3.797073e-01	-4.649055e-05
3	1.312235e+02	3.779068e-01	-4.648137e-05
3	1.313113e+02	3.763008e-01	-4.602575e-05
3	1.313995e+02	3.745308e-01	-4.640281e-05
3	1.314882e+02	3.727150e-01	-4.651797e-05
3	1.315761e+02	3.709488e-01	-4.660261e-05
3	1.316636e+02	3.692894e-01	-4.626250e-05
3	1.317519e+02	3.674355e-01	-4.662788e-05
3	1.318401e+02	3.656845e-01	-4.678941e-05
3	1.319283e+02	3.638916e-01	-4.682004e-05
3	1.320160e+02	3.620987e-01	-4.646540e-05
3	1.321036e+02	3.603363e-01	-4.675162e-05
3	1.321918e+02	3.585930e-01	-4.649854e-05
3	1.322795e+02	3.568764e-01	-4.629505e-05
3	1.323678e+02	3.551521e-01	-4.665434e-05
3	1.324554e+02	3.533745e-01	-4.647243e-05
3	1.325435e+02	3.514633e-01	-4.680717e-05
3	1.326320e+02	3.499222e-01	-4.647958e-05
3	1.327195e+02	3.480301e-01	-4.656708e-05
3	1.328075e+02	3.462868e-01	-4.699147e-05
3	1.328960e+02	3.445816e-01	-4.676282e-05
3	1.329839e+02	3.428040e-01	-4.646242e-05
3	1.330718e+02	3.409348e-01	-4.647386e-05
3	1.331596e+02	3.393364e-01	-4.678106e-05
3	1.332474e+02	3.374786e-01	-4.668820e-05
3	1.333354e+02	3.358307e-01	-4.655397e-05
3	1.334242e+02	3.340225e-01	-4.651976e-05
3	1.335117e+02	3.321762e-01	-4.679108e-05
3	1.335998e+02	3.304863e-01	-4.664958e-05
3	1.336877e+02	3.287468e-01	-4.638624e-05
3	1.337761e+02	3.270302e-01	-4.662716e-05
3	1.338634e+02	3.251839e-01	-4.666114e-05
3	1.339516e+02	3.234863e-01	-4.641271e-05
3	1.340394e+02	3.217125e-01	-4.689038e-05
3	1.341277e+02	3.199158e-01	-4.691780e-05
3	1.342159e+02	3.182526e-01	-4.686022e-05
3	1.343035e+02	3.163223e-01	-4.734254e-05
3	1.343923e+02	3.147125e-01	-4.675162e-05
3	1.344796e+02	3.128853e-01	-4.657149e-05
3	1.345673e+02	3.111305e-01	-4.693449e-05
3	1.346556e+02	3.093338e-01	-4.704034e-05
3	1.347441e+02	3.075829e-01	-4.711163e-05
3	1.348319e+02	3.057976e-01	-4.686713e-05
3	1.349200e+02	3.040390e-01	-4.672170e-05
3	1.350075e+02	3.022232e-01	-4.686999e-05
3	1.350956e+02	3.005371e-01	-4.705560e-05
3	1.351833e+02	2.989044e-01	-4.679251e-05
3	1.352715e+02	2.970123e-01	-4.709017e-05
3	1.353594e+02	2.954483e-01	-4.693294e-05
3	1.354482e+02	2.935905e-01	-4.676461e-05
3	1.355363e+02	2.916908e-01	-4.749036e-05
3	1.356236e+02	2.899628e-01	-4.705298e-05
3	1.357122e+02	2.883110e-01	-4.683363e-05
3	1.357995e+02	2.864799e-01	-4.672909e-05
3	1.358882e+02	2.847595e-01	-4.722154e-05
3	1.359760e+02	2.830925e-01	-4.702079e-05
3	1.360642e+02	2.812729e-01	-4.701960e-05
3	1.361523e+02	2.794838e-01	-4.698455e-05
3	1.362399e+02	2.777443e-01	-4.715180e-05
3	1.363276e+02	2.759552e-01	-4.701662e-05
3	1.364159e+02	2.741814e-01	-4.714298e-05
3	1.365036e+02	2.723846e-01	-4.713297e-05
3	1.365915e+02	2.705574e-01	-4.725552e-05
3	1.366797e+02	2.688828e-01	-4.693210e-05
3	1.367673e+02	2.671890e-01	-4.716301e-05
3	1.368559e+02	2.653503e-01	-4.726970e-05
3	1.369440e+02	2.637024e-01	-4.747081e-05
3	1.370317e+02	2.618980e-01	-4.675269e-05
3	1.371195e+02	2.601814e-01	-4.703963e-05
3	1.372080e+02	2.583351e-01	-4.727387e-05
3	1.372955e+02	2.565956e-01	-4.714084e-05
3	1.373837e+02	2.548065e-01	-4.714763e-05
3	1.374715e+02	2.529907e-01	-4.704785e-05
3	1.375599e+02	2.513885e-01	-4.718149e-05
3	1.376476e+02	2.495880e-01	-4.708338e-05
3	1.377363e+02	2.477493e-01	-4.715693e-05
3	1.378569e+02	2.459831e-01	-4.759967e-05
3	1.379120e+02	2.459831e-01	-4.759967e-05
3	1.379999e+02	2.436562e-01	-4.911256e-05
3	1.380881e+02	2.408104e-01	-4.740238e-05
3	1.381762e+02	2.388992e-01	-4.800987e-05
3	1.382638e+02	2.372704e-01	-4.730701e-05
3	1.383522e+02	2.355881e-01	-4.728842e-05
3	1.384394e+02	2.336273e-01	-4.751456e-05
3	1.385277e+02	2.319412e-01	-4.718554e-05
3	1.386154e+02	2.301292e-01	-4.763877e-05
3	1.387040e+02	2.284470e-01	-4.765761e-05
3	1.387918e+02	2.266884e-01	-4.721296e-05
3	1.388796e+02	2.248230e-01	-4.720473e-05
3	1.389679e+02	2.230873e-01	-4.765189e-05
3	1.390563e+02	2.212944e-01	-4.758537e-05
3	1.391435e+02	2.195816e-01	-4.743230e-05
3	1.392316e+02	2.178802e-01	-4.744291e-05
3	1.393196e+02	2.161026e-01	-4.708803e-05
3	1.394082e+02	2.143517e-01	-4.714799e-05
3	1.394956e+02	2.126617e-01	-4.713297e-05
3	1.395833e+02	2.107506e-01	-4.732728e-05
3	1.396713e+02	2.091179e-01	-4.707444e-05
3	1.397599e+02	2.073936e-01	-4.709220e-05
3	1.398477e+02	2.055740e-01	-4.737306e-05
3	1.399359e+02	2.039146e-01	-4.738855e-05
3	1.400239e+02	2.020149e-01	-4.747438e-05
3	1.401116e+02	2.002602e-01	-4.763889e-05
3	1.401995e+02	1.984787e-01	-4.735136e-05
3	1.402882e+02	1.967964e-01	-4.739094e-05
3	1.403757e+02	1.950951e-01	-4.706717e-05
3	1.404643e+02	1.932373e-01	-4.758883e-05
3	1.405521e+02	1.915092e-01	-4.758286e-05
3	1.406400e+02	1.897507e-01	-4.733527e-05
3	1.407278e+02	1.878433e-01	-4.804587e-05
3	1.408163e+02	1.861992e-01	-4.687905e-05
3	1.409035e+02	1.844177e-01	-4.761147e-05
3	1.409920e+02	1.827126e-01	-4.736471e-05
3	1.410794e+02	1.808929e-01	-4.710257e-05
3	1.411677e+02	1.792603e-01	-4.754388e-05
3	1.412553e+02	1.773911e-01	-4.768598e-05
3	1.413441e+02	1.757660e-01	-4.745507e-05
3	1.414314e+02	1.738472e-01	-4.757893e-05
3	1.415202e+02	1.721611e-01	-4.766846e-05
3	1.416078e+02	1.703606e-01	-4.783821e-05
3	1.416960e+02	1.686249e-01	-4.729557e-05
3	1.417836e+02	1.668434e-01	-4.755735e-05
3	1.418721e+02	1.651535e-01	-4.750144e-05
3	1.419596e+02	1.633034e-01	-4.774201e-05
3	1.420473e+02	1.615334e-01	-4.771578e-05
3	1.421353e+02	1.597824e-01	-4.748297e-05
3	1.422242e+02	1.580734e-01	-4.716742e-05
3	1.423120e+02	1.563721e-01	-4.750490e-05
3	1.424000e+02	1.545601e-01	-4.747701e-05
3	1.424876e+02	1.527786e-01	-4.791784e-05
3	1.425756e+02	1.510429e-01	-4.740405e-05
3	1.426639e+02	1.491661e-01	-4.804599e-05
3	1.427517e+02	1.475906e-01	-4.703438e-05
3	1.428400e+02	1.456909e-01	-4.778624e-05
3	1.429278e+02	1.440964e-01	-4.735065e-05
3	1.430157e+02	1.422157e-01	-4.744434e-05
3	1.431033e+02	1.404152e-01	-4.796219e-05
3	1.431922e+02	1.386795e-01	-4.756582e-05
3	1.432799e+02	1.369324e-01	-4.773104e-05
3	1.433675e+02	1.352119e-01	-4.756057e-05
3	1.434555e+02	1.334457e-01	-4.762912e-05
3	1.435440e+02	1.317482e-01	-4.749024e-05
3	1.436314e+02	1.299400e-01	-4.770350e-05
3	1.437198e+02	1.281395e-01	-4.778087e-05
3	1.438076e+02	1.265182e-01	-4.774177e-05
3	1.438955e+02	1.245651e-01	-4.775250e-05
3	1.439833e+02	1.228905e-01	-4.769897e-05
3	1.440721e+02	1.211472e-01	-4.764986e-05
3	1.441595e+02	1.194649e-01	-4.750133e-05
3	1.442477e+02	1.176758e-01	-4.752719e-05
3	1.443354e+02	1.158180e-01	-4.779589e-05
3	1.444233e+02	1.140556e-01	-4.818630e-05
3	1.445119e+02	1.122360e-01	-4.814625e-05
3	1.445996e+02	1.105270e-01	-4.771078e-05
3	1.446880e+02	1.087723e-01	-4.780269e-05
3	1.447766e+02	1.070518e-01	-4.799831e-05
3	1.448641e+02	1.053467e-01	-4.771137e-05
3	1.449514e+02	1.033936e-01	-4.785538e-05
3	1.450402e+02	1.017685e-01	-4.752648e-05
3	1.451281e+02	9.997559e-02	-4.756582e-05
3	1.452153e+02	9.820938e-02	-4.766548e-05
3	1.453039e+02	9.637833e-02	-4.788351e-05
3	1.453922e+02	9.463882e-02	-4.764175e-05
3	1.454800e+02	9.301758e-02	-4.743612e-05
3	1.455680e+02	9.106827e-02	-4.808414e-05
3	1.456561e+02	8.937454e-02	-4.762220e-05
3	1.457438e+02	8.763885e-02	-4.756284e-05
3	1.458328e+02	8.591080e-02	-4.798698e-05
3	1.459202e+02	8.396912e-02	-4.818320e-05
3	1.460074e+02	8.232498e-02	-4.730248e-05
3	1.460953e+02	8.059311e-02	-4.788780e-05
3	1.461841e+02	7.884979e-02	-4.754686e-05
3	1.462713e+02	7.706833e-02	-4.791355e-05
3	1.463597e+02	7.545853e-02	-4.791570e-05
3	1.464473e+02	7.352066e-02	-4.786932e-05
3	1.465362e+02	7.183075e-02	-4.779255e-05
3	1.466242e+02	7.011032e-02	-4.779506e-05
3	1.467117e+02	6.834793e-02	-4.799545e-05
3	1.467996e+02	6.660843e-02	-4.810953e-05
3	1.468882e+02	6.487274e-02	-4.752040e-05
3	1.469762e+02	6.301498e-02	-4.792702e-05
3	1.470648e+02	6.129074e-02	-4.779172e-05
3	1.471519e+02	5.950165e-02	-4.744387e-05
3	1.472404e+02	5.781174e-02	-4.770100e-05
3	1.473277e+02	5.596542e-02	-4.764152e-05
3	1.474164e+02	5.427170e-02	-4.821908e-05
3	1.475033e+02	5.245209e-02	-4.812348e-05
3	1.475922e+02	5.073929e-02	-4.781866e-05
3	1.476801e+02	4.896164e-02	-4.815125e-05
3	1.477673e+02	4.721069e-02	-4.814804e-05
3	1.478558e+02	4.548645e-02	-4.759574e-05
3	1.479441e+02	4.366684e-02	-4.819274e-05
3	1.480321e+02	4.199600e-02	-4.788876e-05
3	1.481200e+02	4.019547e-02	-4.806745e-05
3	1.482077e+02	3.839493e-02	-4.781389e-05
3	1.482958e+02	3.660583e-02	-4.821551e-05
3	1.483834e+02	3.493118e-02	-4.757583e-05
3	1.484719e+02	3.320312e-02	-4.813015e-05
3	1.485595e+02	3.144073e-02	-4.803300e-05
3	1.486480e+02	2.957153e-02	-4.844177e-05
3	1.487356e+02	2.791977e-02	-4.778409e-05
3	1.488238e+02	2.611160e-02	-4.794168e-05
3	1.489114e+02	2.433395e-02	-4.783082e-05
3	1.490000e+02	2.254486e-02	-4.807770e-05
3	1.490875e+02	2.086639e-02	-4.819012e-05
3	1.491757e+02	1.900482e-02	-4.815233e-05
3	1.492638e+02	1.728821e-02	-4.827309e-05
3	1.493521e+02	1.549530e-02	-4.807556e-05
3	1.494402e+02	1.380920e-02	-4.816520e-05
3	1.495276e+02	1.202393e-02	-4.768980e-05
3	1.496156e+02	1.024628e-02	-4.839671e-05
3	1.497041e+02	8.525848e-03	-4.789376e-05
3	1.497916e+02	6.717682e-03	-4.802513e-05
3	1.498798e+02	4.940033e-03	-4.831600e-05
3	1.499679e+02	3.185272e-03	-4.776716e-05
