Segment number	Ramping/Holding	Elapsed time (s)	Segment time(s)	Potential (V)	Current (A)
1	Holding	8.732400e-03	7.793332e-03	1.002884e-02	-1.478195e-08
1	Holding	1.107398e-01	1.097996e-01	1.663208e-02	5.001664e-05
1	Holding	1.865410e-01	1.856010e-01	1.663208e-02	5.001664e-05
1	Holding	2.752312e-01	2.742913e-01	1.888657e-02	5.001223e-05
1	Holding	3.628806e-01	3.619410e-01	2.276611e-02	5.001152e-05
1	Holding	4.506861e-01	4.497466e-01	2.467346e-02	5.001509e-05
1	Holding	5.394223e-01	5.384825e-01	2.660751e-02	5.001187e-05
1	Holding	6.268851e-01	6.259455e-01	2.856445e-02	5.001259e-05
1	Holding	7.150701e-01	7.141306e-01	3.039932e-02	5.001462e-05
1	Holding	8.033479e-01	8.024083e-01	3.233719e-02	5.001521e-05
1	Holding	8.907473e-01	8.898077e-01	3.441238e-02	5.001724e-05
1	Holding	9.793411e-01	9.784018e-01	3.630066e-02	5.001438e-05
1	Holding	1.067412e+00	1.066473e+00	3.824234e-02	5.001318e-05
1	Holding	1.154735e+00	1.153796e+00	4.016495e-02	5.001545e-05
1	Holding	1.242769e+00	1.241829e+00	4.203796e-02	5.001402e-05
1	Holding	1.331135e+00	1.330196e+00	4.388428e-02	5.001175e-05
1	Holding	1.418920e+00	1.417981e+00	4.592514e-02	5.001664e-05
1	Holding	1.507179e+00	1.506240e+00	4.785156e-02	5.001628e-05
1	Holding	1.595521e+00	1.594582e+00	4.977798e-02	5.001581e-05
1	Holding	1.683174e+00	1.682235e+00	5.173492e-02	5.001402e-05
1	Holding	1.771363e+00	1.770423e+00	5.366135e-02	5.001426e-05
1	Holding	1.858998e+00	1.858059e+00	5.554962e-02	5.001462e-05
1	Holding	1.946884e+00	1.945944e+00	5.751801e-02	5.001462e-05
1	Holding	2.034925e+00	2.033985e+00	5.932617e-02	5.001485e-05
1	Holding	2.123169e+00	2.122229e+00	6.132507e-02	5.001605e-05
1	Holding	2.211008e+00	2.210069e+00	6.317902e-02	5.001247e-05
1	Holding	2.299288e+00	2.298348e+00	6.512451e-02	5.001545e-05
1	Holding	2.387353e+00	2.386413e+00	6.703949e-02	5.001664e-05
1	Holding	2.475124e+00	2.474185e+00	6.893539e-02	5.001640e-05
1	Holding	2.562852e+00	2.561912e+00	7.086563e-02	5.001402e-05
1	Holding	2.650835e+00	2.649896e+00	7.271957e-02	5.001342e-05
1	Holding	2.739346e+00	2.738407e+00	7.460022e-02	5.001414e-05
1	Holding	2.826964e+00	2.826024e+00	7.660294e-02	5.001676e-05
1	Holding	2.915372e+00	2.914432e+00	7.839966e-02	5.001187e-05
1	Holding	3.003278e+00	3.002338e+00	8.045578e-02	5.001318e-05
1	Holding	3.090720e+00	3.089781e+00	8.233643e-02	5.001497e-05
1	Holding	3.179270e+00	3.178330e+00	8.400726e-02	5.001628e-05
1	Holding	3.266926e+00	3.265986e+00	8.605957e-02	5.001330e-05
1	Holding	3.355594e+00	3.354654e+00	8.796692e-02	5.001199e-05
1	Holding	3.442866e+00	3.441927e+00	8.984375e-02	5.001736e-05
1	Holding	3.531125e+00	3.530186e+00	9.165955e-02	5.001462e-05
1	Holding	3.618924e+00	3.617984e+00	9.362411e-02	5.001485e-05
1	Holding	3.707094e+00	3.706154e+00	9.557343e-02	5.001187e-05
1	Holding	3.795322e+00	3.794382e+00	9.744263e-02	5.000961e-05
1	Holding	3.883362e+00	3.882422e+00	9.937668e-02	5.001163e-05
1	Holding	3.970653e+00	3.969714e+00	1.011963e-01	5.001366e-05
1	Holding	4.059092e+00	4.058153e+00	1.031952e-01	5.001140e-05
1	Holding	4.146884e+00	4.145944e+00	1.050453e-01	5.001533e-05
1	Holding	4.235207e+00	4.234268e+00	1.069412e-01	5.001426e-05
1	Holding	4.322973e+00	4.322033e+00	1.088829e-01	5.001616e-05
1	Holding	4.411297e+00	4.410358e+00	1.105766e-01	5.001092e-05
1	Holding	4.499452e+00	4.498513e+00	1.127319e-01	5.000973e-05
1	Holding	4.586892e+00	4.585953e+00	1.145325e-01	5.001426e-05
1	Holding	4.674951e+00	4.674011e+00	1.163521e-01	5.001283e-05
1	Holding	4.763506e+00	4.762566e+00	1.183434e-01	5.001533e-05
1	Holding	4.851193e+00	4.850253e+00	1.202393e-01	5.001259e-05
1	Holding	4.938755e+00	4.937816e+00	1.220245e-01	5.001616e-05
1	Holding	5.027368e+00	5.026429e+00	1.239967e-01	5.001104e-05
1	Holding	5.115063e+00	5.114123e+00	1.259460e-01	5.001354e-05
1	Holding	5.203086e+00	5.202146e+00	1.277695e-01	5.001295e-05
1	Holding	5.291115e+00	5.290176e+00	1.295853e-01	5.001581e-05
1	Holding	5.379183e+00	5.378244e+00	1.313820e-01	5.001545e-05
1	Holding	5.467527e+00	5.466588e+00	1.333771e-01	5.001402e-05
1	Holding	5.554760e+00	5.553820e+00	1.353455e-01	5.001497e-05
1	Holding	5.643064e+00	5.642125e+00	1.371422e-01	5.001879e-05
1	Holding	5.731249e+00	5.730309e+00	1.391563e-01	5.001295e-05
1	Holding	5.819374e+00	5.818435e+00	1.410522e-01	5.001771e-05
1	Holding	5.907436e+00	5.906496e+00	1.428604e-01	5.001295e-05
1	Holding	5.995255e+00	5.994315e+00	1.447868e-01	5.001318e-05
1	Holding	6.082735e+00	6.081795e+00	1.465530e-01	5.001140e-05
1	Holding	6.171241e+00	6.170302e+00	1.485291e-01	5.001783e-05
1	Holding	6.259507e+00	6.258567e+00	1.505203e-01	5.001414e-05
1	Holding	6.346660e+00	6.345721e+00	1.523170e-01	5.001330e-05
1	Holding	6.435137e+00	6.434197e+00	1.541443e-01	5.001533e-05
1	Holding	6.523129e+00	6.522189e+00	1.560440e-01	5.001736e-05
1	Holding	6.611383e+00	6.610443e+00	1.579170e-01	5.001581e-05
1	Holding	6.698734e+00	6.697794e+00	1.597672e-01	5.001390e-05
1	Holding	6.786915e+00	6.785975e+00	1.616402e-01	5.001557e-05
1	Holding	6.874675e+00	6.873736e+00	1.635971e-01	5.001569e-05
1	Holding	6.963523e+00	6.962583e+00	1.653862e-01	5.001342e-05
1	Holding	7.050792e+00	7.049852e+00	1.673737e-01	5.001438e-05
1	Holding	7.139539e+00	7.138599e+00	1.692657e-01	5.001581e-05
1	Holding	7.227147e+00	7.226207e+00	1.711502e-01	5.001342e-05
1	Holding	7.314939e+00	7.313999e+00	1.729546e-01	5.001462e-05
1	Holding	7.402785e+00	7.401846e+00	1.748314e-01	5.001497e-05
1	Holding	7.490986e+00	7.490047e+00	1.767502e-01	5.001533e-05
1	Holding	7.579148e+00	7.578209e+00	1.786156e-01	5.001199e-05
1	Holding	7.667458e+00	7.666519e+00	1.805115e-01	5.001473e-05
1	Holding	7.754897e+00	7.753957e+00	1.824799e-01	5.001485e-05
1	Holding	7.843258e+00	7.842318e+00	1.842003e-01	5.001295e-05
1	Holding	7.931248e+00	7.930309e+00	1.860580e-01	5.001605e-05
1	Holding	8.019563e+00	8.018623e+00	1.880264e-01	5.001426e-05
1	Holding	8.107293e+00	8.106354e+00	1.898766e-01	5.001497e-05
1	Holding	8.194778e+00	8.193839e+00	1.918068e-01	5.001342e-05
1	Holding	8.282629e+00	8.281689e+00	1.936722e-01	5.001557e-05
1	Holding	8.370850e+00	8.369910e+00	1.955223e-01	5.001473e-05
1	Holding	8.458849e+00	8.457910e+00	1.973686e-01	5.001795e-05
1	Holding	8.547267e+00	8.546328e+00	1.991425e-01	5.001366e-05
1	Holding	8.634682e+00	8.633742e+00	2.012024e-01	5.001414e-05
1	Holding	8.723566e+00	8.722626e+00	2.030640e-01	5.001402e-05
1	Holding	8.811106e+00	8.810167e+00	2.049026e-01	5.001318e-05
1	Holding	8.898825e+00	8.897886e+00	2.068634e-01	5.001283e-05
1	Holding	8.986931e+00	8.985992e+00	2.085457e-01	5.001581e-05
1	Holding	9.074789e+00	9.073850e+00	2.106323e-01	5.001104e-05
1	Holding	9.162844e+00	9.161904e+00	2.123985e-01	5.001330e-05
1	Holding	9.250784e+00	9.249845e+00	2.143478e-01	5.001557e-05
1	Holding	9.338633e+00	9.337693e+00	2.161560e-01	5.001509e-05
1	Holding	9.426821e+00	9.425881e+00	2.180939e-01	5.001426e-05
1	Holding	9.514667e+00	9.513727e+00	2.199402e-01	5.001605e-05
1	Holding	9.602994e+00	9.602055e+00	2.217751e-01	5.001295e-05
1	Holding	9.691473e+00	9.690534e+00	2.236938e-01	5.001366e-05
1	Holding	9.778740e+00	9.777801e+00	2.256470e-01	5.001533e-05
1	Holding	9.867200e+00	9.866260e+00	2.274170e-01	5.001354e-05
1	Holding	9.954976e+00	9.954037e+00	2.293091e-01	5.001414e-05
2	Holding	1.013098e+01	8.360145e-02	2.311554e-01	5.001342e-05
2	Holding	1.021921e+01	1.718403e-01	2.229195e-01	-4.933071e-05
2	Holding	1.030721e+01	2.598362e-01	2.206726e-01	-4.996955e-05
2	Holding	1.039475e+01	3.473757e-01	2.185707e-01	-4.996741e-05
2	Holding	1.048263e+01	4.352554e-01	2.165222e-01	-4.996407e-05
2	Holding	1.057134e+01	5.239711e-01	2.144547e-01	-4.996538e-05
2	Holding	1.065916e+01	6.117868e-01	2.124443e-01	-4.996490e-05
2	Holding	1.074699e+01	6.996133e-01	2.103653e-01	-4.996502e-05
2	Holding	1.083546e+01	7.880884e-01	2.083778e-01	-4.996490e-05
2	Holding	1.092279e+01	8.754151e-01	2.063408e-01	-4.996312e-05
2	Holding	1.101097e+01	9.635960e-01	2.043190e-01	-4.996443e-05
2	Holding	1.109862e+01	1.051242e+00	2.023354e-01	-4.996622e-05
2	Holding	1.118692e+01	1.139544e+00	2.004280e-01	-4.996192e-05
2	Holding	1.127517e+01	1.227796e+00	1.983261e-01	-4.996467e-05
2	Holding	1.136330e+01	1.315924e+00	1.963081e-01	-4.996383e-05
2	Holding	1.145063e+01	1.403259e+00	1.944008e-01	-4.996359e-05
2	Holding	1.153872e+01	1.491342e+00	1.924477e-01	-4.996371e-05
2	Holding	1.162736e+01	1.579983e+00	1.904373e-01	-4.996586e-05
2	Holding	1.171495e+01	1.667574e+00	1.883965e-01	-4.996097e-05
2	Holding	1.180346e+01	1.756090e+00	1.865387e-01	-4.996550e-05
2	Holding	1.189148e+01	1.844111e+00	1.845894e-01	-4.996133e-05
2	Holding	1.197951e+01	1.932133e+00	1.826019e-01	-4.996252e-05
2	Holding	1.206665e+01	2.019276e+00	1.807213e-01	-4.996371e-05
2	Holding	1.215525e+01	2.107872e+00	1.787491e-01	-4.996276e-05
2	Holding	1.224316e+01	2.195786e+00	1.766396e-01	-4.996645e-05
2	Holding	1.233144e+01	2.284063e+00	1.747704e-01	-4.996598e-05
2	Holding	1.241887e+01	2.371497e+00	1.728325e-01	-4.996586e-05
2	Holding	1.250712e+01	2.459745e+00	1.707726e-01	-4.996479e-05
2	Holding	1.259505e+01	2.547679e+00	1.689034e-01	-4.996502e-05
2	Holding	1.268282e+01	2.635446e+00	1.669846e-01	-4.996479e-05
2	Holding	1.277154e+01	2.724163e+00	1.650810e-01	-4.996026e-05
2	Holding	1.285870e+01	2.811325e+00	1.632309e-01	-4.996538e-05
2	Holding	1.294714e+01	2.899766e+00	1.611176e-01	-4.996645e-05
2	Holding	1.303468e+01	2.987304e+00	1.591377e-01	-4.996312e-05
2	Holding	1.312314e+01	3.075766e+00	1.573181e-01	-4.996490e-05
2	Holding	1.321074e+01	3.163370e+00	1.553345e-01	-4.996729e-05
2	Holding	1.329932e+01	3.251945e+00	1.533890e-01	-4.996407e-05
2	Holding	1.338710e+01	3.339724e+00	1.513672e-01	-4.996431e-05
2	Holding	1.347464e+01	3.427262e+00	1.495247e-01	-4.995954e-05
2	Holding	1.356350e+01	3.516125e+00	1.475906e-01	-4.996312e-05
2	Holding	1.365149e+01	3.604114e+00	1.457481e-01	-4.996312e-05
2	Holding	1.373938e+01	3.692006e+00	1.436996e-01	-4.996562e-05
2	Holding	1.382657e+01	3.779199e+00	1.417236e-01	-4.996383e-05
2	Holding	1.391505e+01	3.867674e+00	1.398926e-01	-4.996574e-05
2	Holding	1.400345e+01	3.956081e+00	1.379089e-01	-4.996538e-05
2	Holding	1.409122e+01	4.043844e+00	1.360512e-01	-4.996371e-05
2	Holding	1.417933e+01	4.131953e+00	1.340675e-01	-4.996252e-05
2	Holding	1.426730e+01	4.219930e+00	1.323395e-01	-4.996574e-05
2	Holding	1.435507e+01	4.307699e+00	1.303406e-01	-4.996419e-05
2	Holding	1.444331e+01	4.395938e+00	1.283379e-01	-4.996479e-05
2	Holding	1.453085e+01	4.483473e+00	1.264687e-01	-4.996443e-05
2	Holding	1.461890e+01	4.571525e+00	1.245384e-01	-4.996359e-05
2	Holding	1.470689e+01	4.659514e+00	1.225700e-01	-4.996479e-05
2	Holding	1.479461e+01	4.747239e+00	1.206932e-01	-4.996407e-05
2	Holding	1.488347e+01	4.836098e+00	1.187744e-01	-4.996467e-05
2	Holding	1.497061e+01	4.923239e+00	1.168213e-01	-4.996288e-05
3	Holding	1.514731e+01	8.522968e-02	1.149673e-01	-4.996598e-05
3	Holding	1.523510e+01	1.730130e-01	1.291351e-01	9.907389e-05
3	Holding	1.532345e+01	2.613625e-01	1.334419e-01	1.000035e-04
3	Holding	1.541125e+01	3.491677e-01	1.375046e-01	1.000025e-04
3	Holding	1.549935e+01	4.372629e-01	1.414299e-01	1.000035e-04
3	Holding	1.558744e+01	5.253519e-01	1.455154e-01	1.000042e-04
3	Holding	1.567524e+01	6.131513e-01	1.493568e-01	1.000062e-04
3	Holding	1.576299e+01	7.009097e-01	1.533318e-01	1.000041e-04
3	Holding	1.585135e+01	7.892619e-01	1.573563e-01	1.000021e-04
3	Holding	1.593889e+01	8.768023e-01	1.612206e-01	1.000034e-04
3	Holding	1.602666e+01	9.645796e-01	1.651039e-01	1.000037e-04
3	Holding	1.611479e+01	1.052701e+00	1.690521e-01	1.000047e-04
3	Holding	1.620345e+01	1.141362e+00	1.728592e-01	1.000050e-04
3	Holding	1.629101e+01	1.228925e+00	1.767807e-01	1.000036e-04
3	Holding	1.637866e+01	1.316573e+00	1.806984e-01	1.000047e-04
3	Holding	1.646705e+01	1.404965e+00	1.845627e-01	1.000021e-04
3	Holding	1.655543e+01	1.493350e+00	1.884499e-01	1.000024e-04
3	Holding	1.664337e+01	1.581290e+00	1.922798e-01	1.000043e-04
3	Holding	1.673081e+01	1.668724e+00	1.961594e-01	1.000047e-04
3	Holding	1.681916e+01	1.757075e+00	1.999702e-01	1.000048e-04
3	Holding	1.690708e+01	1.844999e+00	2.038498e-01	1.000048e-04
3	Holding	1.699469e+01	1.932610e+00	2.077332e-01	1.000046e-04
3	Holding	1.708345e+01	2.021369e+00	2.115784e-01	1.000047e-04
3	Holding	1.717123e+01	2.109146e+00	2.153854e-01	1.000059e-04
3	Holding	1.725944e+01	2.197360e+00	2.192192e-01	1.000042e-04
3	Holding	1.734662e+01	2.284534e+00	2.232094e-01	1.000026e-04
3	Holding	1.743542e+01	2.373337e+00	2.268410e-01	1.000043e-04
3	Holding	1.752290e+01	2.460811e+00	2.307358e-01	1.000053e-04
3	Holding	1.761061e+01	2.548521e+00	2.344894e-01	1.000047e-04
3	Holding	1.769852e+01	2.636439e+00	2.383766e-01	1.000042e-04
3	Holding	1.778713e+01	2.725042e+00	2.421455e-01	1.000026e-04
3	Holding	1.787541e+01	2.813325e+00	2.459755e-01	1.000031e-04
3	Holding	1.796261e+01	2.900522e+00	2.498093e-01	1.000050e-04
3	Holding	1.805131e+01	2.989228e+00	2.536201e-01	1.000041e-04
3	Holding	1.813924e+01	3.077159e+00	2.574730e-01	1.000031e-04
3	Holding	1.822702e+01	3.164933e+00	2.612114e-01	1.000044e-04
3	Holding	1.831548e+01	3.253394e+00	2.649841e-01	1.000050e-04
3	Holding	1.840353e+01	3.341440e+00	2.689514e-01	1.000047e-04
3	Holding	1.849087e+01	3.428782e+00	2.726631e-01	1.000041e-04
3	Holding	1.857936e+01	3.517276e+00	2.764015e-01	1.000036e-04
3	Holding	1.866713e+01	3.605049e+00	2.802963e-01	1.000021e-04
3	Holding	1.875512e+01	3.693038e+00	2.841034e-01	1.000029e-04
3	Holding	1.884268e+01	3.780595e+00	2.878227e-01	1.000041e-04
3	Holding	1.893156e+01	3.869473e+00	2.916985e-01	1.000044e-04
3	Holding	1.901874e+01	3.956655e+00	2.955627e-01	1.000037e-04
3	Holding	1.910721e+01	4.045122e+00	2.992325e-01	1.000034e-04
3	Holding	1.919507e+01	4.132981e+00	3.031082e-01	1.000036e-04
3	Holding	1.928326e+01	4.221178e+00	3.068733e-01	1.000035e-04
3	Holding	1.937128e+01	4.309200e+00	3.105545e-01	1.000051e-04
3	Holding	1.945894e+01	4.396860e+00	3.144493e-01	1.000038e-04
3	Holding	1.954682e+01	4.484735e+00	3.181877e-01	1.000048e-04
3	Holding	1.963522e+01	4.573140e+00	3.219910e-01	1.000043e-04
3	Holding	1.972342e+01	4.661336e+00	3.257675e-01	1.000056e-04
3	Holding	1.981073e+01	4.748645e+00	3.295555e-01	1.000053e-04
3	Holding	1.989930e+01	4.837214e+00	3.333664e-01	1.000026e-04
3	Holding	1.998690e+01	4.924814e+00	3.372498e-01	1.000050e-04
3	Holding	2.007480e+01	5.012716e+00	3.408852e-01	1.000034e-04
3	Holding	2.016275e+01	5.100670e+00	3.447037e-01	1.000035e-04
3	Holding	2.025122e+01	5.189140e+00	3.484612e-01	1.000037e-04
3	Holding	2.033930e+01	5.277212e+00	3.522415e-01	1.000035e-04
3	Holding	2.042744e+01	5.365353e+00	3.559990e-01	1.000049e-04
3	Holding	2.051459e+01	5.452502e+00	3.598938e-01	1.000036e-04
3	Holding	2.060331e+01	5.541225e+00	3.636055e-01	1.000044e-04
3	Holding	2.069137e+01	5.629281e+00	3.673515e-01	1.000060e-04
3	Holding	2.077889e+01	5.716806e+00	3.712234e-01	1.000032e-04
3	Holding	2.086653e+01	5.804448e+00	3.748474e-01	1.000059e-04
3	Holding	2.095546e+01	5.893377e+00	3.786125e-01	1.000047e-04
3	Holding	2.104272e+01	5.980639e+00	3.823433e-01	1.000041e-04
3	Holding	2.113084e+01	6.068756e+00	3.862724e-01	1.000041e-04
3	Holding	2.121877e+01	6.156690e+00	3.900223e-01	1.000037e-04
3	Holding	2.130756e+01	6.245478e+00	3.937454e-01	1.000034e-04
3	Holding	2.139462e+01	6.332534e+00	3.974991e-01	1.000018e-04
3	Holding	2.148262e+01	6.420538e+00	4.012489e-01	1.000025e-04
3	Holding	2.157084e+01	6.508760e+00	4.050598e-01	1.000049e-04
3	Holding	2.165924e+01	6.597152e+00	4.087944e-01	1.000050e-04
3	Holding	2.174739e+01	6.685319e+00	4.125443e-01	1.000040e-04
3	Holding	2.183505e+01	6.772968e+00	4.162025e-01	1.000026e-04
3	Holding	2.192344e+01	6.861358e+00	4.201927e-01	1.000044e-04
3	Holding	2.201083e+01	6.948742e+00	4.239502e-01	1.000050e-04
3	Holding	2.209875e+01	7.036661e+00	4.276199e-01	1.000015e-04
3	Holding	2.218672e+01	7.124632e+00	4.313545e-01	1.000032e-04
3	Holding	2.227474e+01	7.212651e+00	4.350891e-01	1.000040e-04
3	Holding	2.236326e+01	7.301176e+00	4.388275e-01	1.000042e-04
3	Holding	2.245112e+01	7.389039e+00	4.426689e-01	1.000029e-04
3	Holding	2.253922e+01	7.477136e+00	4.464149e-01	1.000042e-04
3	Holding	2.262662e+01	7.564538e+00	4.502258e-01	1.000031e-04
3	Holding	2.271533e+01	7.653243e+00	4.538345e-01	1.000040e-04
3	Holding	2.280275e+01	7.740668e+00	4.576797e-01	1.000047e-04
3	Holding	2.289154e+01	7.829455e+00	4.615326e-01	1.000048e-04
3	Holding	2.297946e+01	7.917373e+00	4.652481e-01	1.000041e-04
3	Holding	2.306752e+01	8.005440e+00	4.690170e-01	1.000048e-04
3	Holding	2.315524e+01	8.093151e+00	4.727325e-01	1.000036e-04
3	Holding	2.324347e+01	8.181384e+00	4.765663e-01	1.000043e-04
3	Holding	2.333151e+01	8.269428e+00	4.801521e-01	1.000030e-04
3	Holding	2.341922e+01	8.357133e+00	4.840508e-01	1.000037e-04
3	Holding	2.350658e+01	8.444500e+00	4.877243e-01	1.000036e-04
3	Holding	2.359532e+01	8.533240e+00	4.914589e-01	1.000041e-04
3	Holding	2.368319e+01	8.621103e+00	4.951820e-01	1.000051e-04
3	Holding	2.377134e+01	8.709256e+00	4.989662e-01	1.000051e-04
3	Holding	2.385878e+01	8.796691e+00	5.028076e-01	1.000028e-04
3	Holding	2.394672e+01	8.884638e+00	5.064316e-01	1.000047e-04
3	Holding	2.403544e+01	8.973357e+00	5.101929e-01	1.000019e-04
3	Holding	2.412287e+01	9.060780e+00	5.140419e-01	1.000037e-04
3	Holding	2.421102e+01	9.148930e+00	5.176468e-01	1.000038e-04
3	Holding	2.429956e+01	9.237474e+00	5.213699e-01	1.000053e-04
3	Holding	2.438744e+01	9.325357e+00	5.251541e-01	1.000029e-04
3	Holding	2.447474e+01	9.412657e+00	5.289879e-01	1.000036e-04
3	Holding	2.456278e+01	9.500693e+00	5.326805e-01	1.000040e-04
3	Holding	2.465152e+01	9.589436e+00	5.365219e-01	1.000042e-04
3	Holding	2.473886e+01	9.676780e+00	5.402222e-01	1.000046e-04
3	Holding	2.482659e+01	9.764510e+00	5.438309e-01	1.000032e-04
3	Holding	2.491554e+01	9.853456e+00	5.476227e-01	1.000030e-04
3	Holding	2.500269e+01	9.940608e+00	5.514984e-01	1.000043e-04
4	Holding	2.517882e+01	8.203726e-02	5.551910e-01	1.000048e-04
4	Holding	2.526669e+01	1.699067e-01	5.386009e-01	-9.869313e-05
4	Holding	2.535546e+01	2.586770e-01	5.342751e-01	-9.995365e-05
4	Holding	2.544261e+01	3.458339e-01	5.298882e-01	-9.995437e-05
4	Holding	2.553081e+01	4.340328e-01	5.257988e-01	-9.995604e-05
4	Holding	2.561869e+01	5.219149e-01	5.215988e-01	-9.995592e-05
4	Holding	2.570728e+01	6.104973e-01	5.175896e-01	-9.995496e-05
4	Holding	2.579523e+01	6.984560e-01	5.135841e-01	-9.995532e-05
4	Holding	2.588281e+01	7.860343e-01	5.094910e-01	-9.995520e-05
4	Holding	2.597076e+01	8.739829e-01	5.054321e-01	-9.995294e-05
4	Holding	2.605944e+01	9.626656e-01	5.014877e-01	-9.995258e-05
4	Holding	2.614716e+01	1.050383e+00	4.974289e-01	-9.995461e-05
4	Holding	2.623555e+01	1.138769e+00	4.933929e-01	-9.995329e-05
4	Holding	2.632268e+01	1.225903e+00	4.894638e-01	-9.995508e-05
4	Holding	2.641148e+01	1.314706e+00	4.854774e-01	-9.995556e-05
4	Holding	2.649931e+01	1.402527e+00	4.815865e-01	-9.995425e-05
4	Holding	2.658752e+01	1.490742e+00	4.774742e-01	-9.995592e-05
4	Holding	2.667468e+01	1.577903e+00	4.736023e-01	-9.995472e-05
4	Holding	2.676293e+01	1.666149e+00	4.696770e-01	-9.995413e-05
4	Holding	2.685080e+01	1.754021e+00	4.656944e-01	-9.995604e-05
4	Holding	2.693860e+01	1.841823e+00	4.618416e-01	-9.995627e-05
4	Holding	2.702665e+01	1.929869e+00	4.577904e-01	-9.995520e-05
4	Holding	2.711551e+01	2.018732e+00	4.538765e-01	-9.995675e-05
4	Holding	2.720319e+01	2.106410e+00	4.500160e-01	-9.995329e-05
4	Holding	2.729076e+01	2.193983e+00	4.460678e-01	-9.995437e-05
4	Holding	2.737917e+01	2.282390e+00	4.421768e-01	-9.995329e-05
4	Holding	2.746738e+01	2.370606e+00	4.381447e-01	-9.995544e-05
4	Holding	2.755508e+01	2.458301e+00	4.343376e-01	-9.995544e-05
4	Holding	2.764266e+01	2.545879e+00	4.305649e-01	-9.995425e-05
4	Holding	2.773083e+01	2.634046e+00	4.265518e-01	-9.995627e-05
4	Holding	2.781948e+01	2.722704e+00	4.227257e-01	-9.995520e-05
4	Holding	2.790670e+01	2.809924e+00	4.188194e-01	-9.995568e-05
4	Holding	2.799532e+01	2.898540e+00	4.150009e-01	-9.995604e-05
4	Holding	2.808333e+01	2.986555e+00	4.109497e-01	-9.995449e-05
4	Holding	2.817132e+01	3.074544e+00	4.071999e-01	-9.995556e-05
4	Holding	2.825945e+01	3.162673e+00	4.032669e-01	-9.995508e-05
4	Holding	2.834648e+01	3.249700e+00	3.993263e-01	-9.995568e-05
4	Holding	2.843532e+01	3.338543e+00	3.955841e-01	-9.995413e-05
4	Holding	2.852317e+01	3.426394e+00	3.917351e-01	-9.995544e-05
4	Holding	2.861109e+01	3.514308e+00	3.877792e-01	-9.995663e-05
4	Holding	2.869933e+01	3.602553e+00	3.839798e-01	-9.995663e-05
4	Holding	2.878706e+01	3.690284e+00	3.799858e-01	-9.995449e-05
4	Holding	2.887467e+01	3.777893e+00	3.762589e-01	-9.995449e-05
4	Holding	2.896294e+01	3.866158e+00	3.723984e-01	-9.995425e-05
4	Holding	2.905087e+01	3.954090e+00	3.685493e-01	-9.995615e-05
4	Holding	2.913893e+01	4.042153e+00	3.646698e-01	-9.995604e-05
4	Holding	2.922659e+01	4.129807e+00	3.608704e-01	-9.995699e-05
4	Holding	2.931522e+01	4.218444e+00	3.570366e-01	-9.995508e-05
4	Holding	2.940306e+01	4.306281e+00	3.531494e-01	-9.995639e-05
4	Holding	2.949071e+01	4.393931e+00	3.492966e-01	-9.995532e-05
4	Holding	2.957917e+01	4.482389e+00	3.455200e-01	-9.995365e-05
4	Holding	2.966694e+01	4.570163e+00	3.417091e-01	-9.995449e-05
4	Holding	2.975499e+01	4.658210e+00	3.376808e-01	-9.995472e-05
4	Holding	2.984290e+01	4.746125e+00	3.339462e-01	-9.995520e-05
4	Holding	2.993141e+01	4.834635e+00	3.300591e-01	-9.995401e-05
4	Holding	3.001944e+01	4.922657e+00	3.262444e-01	-9.995520e-05
5	Holding	3.019505e+01	8.410707e-02	3.226242e-01	-9.995568e-05
5	Holding	3.028347e+01	1.725224e-01	3.268623e-01	-7.303953e-09
5	Holding	3.037066e+01	2.597182e-01	3.271637e-01	1.788139e-10
5	Holding	3.045908e+01	3.481309e-01	3.272781e-01	1.978874e-10
5	Holding	3.054659e+01	4.356477e-01	3.273735e-01	2.467632e-10
5	Holding	3.063513e+01	5.241883e-01	3.274918e-01	2.086163e-10
5	Holding	3.072357e+01	6.126248e-01	3.276787e-01	2.145767e-10
5	Holding	3.081134e+01	7.003980e-01	3.277817e-01	2.217293e-10
5	Holding	3.089913e+01	7.881805e-01	3.277092e-01	1.811981e-10
5	Holding	3.098743e+01	8.764829e-01	3.278618e-01	2.348423e-10
5	Holding	3.107466e+01	9.637090e-01	3.278923e-01	2.396107e-10
5	Holding	3.116347e+01	1.052525e+00	3.279953e-01	2.396107e-10
5	Holding	3.125099e+01	1.140046e+00	3.279152e-01	2.741814e-10
5	Holding	3.133908e+01	1.228130e+00	3.280754e-01	2.348423e-10
5	Holding	3.142719e+01	1.316240e+00	3.280678e-01	1.895428e-10
5	Holding	3.151460e+01	1.403653e+00	3.281593e-01	2.157688e-10
5	Holding	3.160266e+01	1.491710e+00	3.281593e-01	2.479553e-10
5	Holding	3.169129e+01	1.580339e+00	3.282280e-01	2.133846e-10
5	Holding	3.177865e+01	1.667704e+00	3.283501e-01	2.300739e-10
5	Holding	3.186721e+01	1.756263e+00	3.281631e-01	1.955032e-10
5	Holding	3.195480e+01	1.843858e+00	3.283272e-01	1.859665e-10
5	Holding	3.204287e+01	1.931925e+00	3.283043e-01	1.847744e-10
5	Holding	3.213090e+01	2.019950e+00	3.283539e-01	1.978874e-10
5	Holding	3.221902e+01	2.108071e+00	3.283386e-01	2.324581e-10
5	Holding	3.230744e+01	2.196489e+00	3.283310e-01	2.288818e-10
5	Holding	3.239483e+01	2.283885e+00	3.283653e-01	2.336502e-10
5	Holding	3.248341e+01	2.372459e+00	3.283730e-01	2.324581e-10
5	Holding	3.257070e+01	2.459751e+00	3.283844e-01	2.312660e-10
5	Holding	3.265937e+01	2.548426e+00	3.283691e-01	2.205372e-10
5	Holding	3.274724e+01	2.636292e+00	3.284874e-01	2.455711e-10
5	Holding	3.283546e+01	2.724508e+00	3.283920e-01	2.241135e-10
5	Holding	3.292333e+01	2.812379e+00	3.285141e-01	2.372265e-10
5	Holding	3.301112e+01	2.900173e+00	3.285370e-01	1.704693e-10
5	Holding	3.309881e+01	2.987862e+00	3.284302e-01	2.241135e-10
5	Holding	3.318666e+01	3.075709e+00	3.283958e-01	2.181530e-10
5	Holding	3.327475e+01	3.163800e+00	3.285179e-01	2.229214e-10
5	Holding	3.336319e+01	3.252247e+00	3.285370e-01	2.300739e-10
5	Holding	3.345153e+01	3.340583e+00	3.285027e-01	2.300739e-10
5	Holding	3.353950e+01	3.428554e+00	3.285370e-01	1.955032e-10
5	Holding	3.362677e+01	3.515824e+00	3.284225e-01	1.788139e-10
5	Holding	3.371472e+01	3.603771e+00	3.285904e-01	2.360344e-10
5	Holding	3.380272e+01	3.691775e+00	3.286285e-01	2.157688e-10
5	Holding	3.389081e+01	3.779860e+00	3.285484e-01	2.133846e-10
5	Holding	3.397934e+01	3.868390e+00	3.285599e-01	2.431870e-10
5	Holding	3.406674e+01	3.955793e+00	3.286400e-01	2.598763e-10
5	Holding	3.415471e+01	4.043763e+00	3.285561e-01	1.871586e-10
5	Holding	3.424304e+01	4.132093e+00	3.286476e-01	2.205372e-10
5	Holding	3.433150e+01	4.220558e+00	3.285675e-01	2.253056e-10
5	Holding	3.441928e+01	4.308335e+00	3.286629e-01	2.574921e-10
5	Holding	3.450726e+01	4.396310e+00	3.285332e-01	2.384186e-10
5	Holding	3.459461e+01	4.483666e+00	3.285713e-01	2.396107e-10
5	Holding	3.468275e+01	4.571804e+00	3.285408e-01	2.038479e-10
5	Holding	3.477101e+01	4.660067e+00	3.286057e-01	2.658367e-10
5	Holding	3.485894e+01	4.747995e+00	3.285828e-01	2.324581e-10
5	Holding	3.494683e+01	4.835888e+00	3.286095e-01	2.121925e-10
5	Holding	3.503529e+01	4.924341e+00	3.286324e-01	2.324581e-10
5	Holding	3.512314e+01	5.012197e+00	3.284836e-01	2.145767e-10
5	Holding	3.521144e+01	5.100491e+00	3.285599e-01	2.121925e-10
5	Holding	3.529876e+01	5.187815e+00	3.285675e-01	2.431870e-10
5	Holding	3.538729e+01	5.276348e+00	3.285522e-01	2.264977e-10
5	Holding	3.547498e+01	5.364033e+00	3.285294e-01	2.372265e-10
5	Holding	3.556288e+01	5.451932e+00	3.285904e-01	2.110004e-10
5	Holding	3.565138e+01	5.540436e+00	3.285294e-01	1.847744e-10
5	Holding	3.573949e+01	5.628543e+00	3.285141e-01	1.704693e-10
5	Holding	3.582714e+01	5.716193e+00	3.285751e-01	2.372265e-10
5	Holding	3.591483e+01	5.803879e+00	3.286667e-01	2.467632e-10
5	Holding	3.600323e+01	5.892283e+00	3.286133e-01	1.800060e-10
5	Holding	3.609130e+01	5.980351e+00	3.284760e-01	1.919270e-10
5	Holding	3.617894e+01	6.067994e+00	3.285408e-01	2.205372e-10
5	Holding	3.626748e+01	6.156535e+00	3.286400e-01	2.443790e-10
5	Holding	3.635527e+01	6.244327e+00	3.285522e-01	2.324581e-10
5	Holding	3.644295e+01	6.331999e+00	3.285980e-01	2.431870e-10
5	Holding	3.653144e+01	6.420494e+00	3.284683e-01	2.074242e-10
5	Holding	3.661858e+01	6.507637e+00	3.284912e-01	2.431870e-10
5	Holding	3.670665e+01	6.595702e+00	3.285027e-01	2.443790e-10
5	Holding	3.679462e+01	6.683671e+00	3.284836e-01	1.859665e-10
5	Holding	3.688345e+01	6.772502e+00	3.285332e-01	2.443790e-10
5	Holding	3.697157e+01	6.860620e+00	3.284569e-01	2.443790e-10
5	Holding	3.705945e+01	6.948500e+00	3.284454e-01	1.907349e-10
5	Holding	3.714748e+01	7.036537e+00	3.285027e-01	2.443790e-10
5	Holding	3.723497e+01	7.124021e+00	3.283958e-01	2.014637e-10
5	Holding	3.732306e+01	7.212111e+00	3.285103e-01	2.157688e-10
5	Holding	3.741152e+01	7.300577e+00	3.284492e-01	2.312660e-10
5	Holding	3.749948e+01	7.388528e+00	3.284798e-01	2.157688e-10
5	Holding	3.758749e+01	7.476543e+00	3.284683e-01	1.943111e-10
5	Holding	3.767470e+01	7.563750e+00	3.284416e-01	2.229214e-10
5	Holding	3.776356e+01	7.652610e+00	3.283997e-01	2.431870e-10
5	Holding	3.785095e+01	7.740001e+00	3.284416e-01	2.193451e-10
5	Holding	3.793916e+01	7.828213e+00	3.284378e-01	2.467632e-10
5	Holding	3.802745e+01	7.916502e+00	3.284531e-01	2.193451e-10
5	Holding	3.811485e+01	8.003906e+00	3.284340e-01	2.169609e-10
5	Holding	3.820260e+01	8.091654e+00	3.284225e-01	2.360344e-10
5	Holding	3.829077e+01	8.179827e+00	3.285065e-01	2.038479e-10
5	Holding	3.837913e+01	8.268187e+00	3.284645e-01	2.384186e-10
5	Holding	3.846686e+01	8.355916e+00	3.284378e-01	2.396107e-10
5	Holding	3.855553e+01	8.444587e+00	3.284073e-01	2.205372e-10
5	Holding	3.864354e+01	8.532593e+00	3.283691e-01	2.253056e-10
5	Holding	3.873074e+01	8.619795e+00	3.284721e-01	1.966953e-10
5	Holding	3.881955e+01	8.708599e+00	3.284302e-01	2.133846e-10
5	Holding	3.890678e+01	8.795838e+00	3.284378e-01	2.527237e-10
5	Holding	3.899537e+01	8.884429e+00	3.283386e-01	2.491474e-10
5	Holding	3.908337e+01	8.972421e+00	3.284073e-01	2.002716e-10
5	Holding	3.917062e+01	9.059672e+00	3.283730e-01	2.002716e-10
5	Holding	3.925944e+01	9.148497e+00	3.283119e-01	2.121925e-10
5	Holding	3.934678e+01	9.235835e+00	3.282776e-01	1.800060e-10
5	Holding	3.943547e+01	9.324527e+00	3.283234e-01	2.276897e-10
5	Holding	3.952349e+01	9.412546e+00	3.283424e-01	1.907349e-10
5	Holding	3.961146e+01	9.500517e+00	3.283272e-01	2.574921e-10
5	Holding	3.969918e+01	9.588238e+00	3.284302e-01	2.408028e-10
5	Holding	3.978744e+01	9.676498e+00	3.283386e-01	2.157688e-10
5	Holding	3.987478e+01	9.763830e+00	3.282089e-01	2.551079e-10
5	Holding	3.996351e+01	9.852567e+00	3.283463e-01	1.823902e-10
5	Holding	4.005124e+01	9.940295e+00	3.283157e-01	2.443790e-10
6	Holding	4.022687e+01	8.205643e-02	3.282356e-01	2.551079e-10
6	Holding	4.031493e+01	1.701149e-01	3.282928e-01	2.360344e-10
6	Holding	4.040292e+01	2.581056e-01	3.282585e-01	2.205372e-10
6	Holding	4.049128e+01	3.464652e-01	3.282776e-01	2.372265e-10
6	Holding	4.057913e+01	4.343108e-01	3.283081e-01	1.966953e-10
6	Holding	4.066693e+01	5.221127e-01	3.283310e-01	2.229214e-10
6	Holding	4.075467e+01	6.098551e-01	3.282051e-01	1.871586e-10
6	Holding	4.084330e+01	6.984792e-01	3.282204e-01	2.384186e-10
6	Holding	4.093107e+01	7.862514e-01	3.281822e-01	2.264977e-10
6	Holding	4.101935e+01	8.745338e-01	3.281097e-01	2.336502e-10
6	Holding	4.110758e+01	9.627625e-01	3.282547e-01	2.336502e-10
6	Holding	4.119509e+01	1.050272e+00	3.281517e-01	2.074242e-10
6	Holding	4.128344e+01	1.138625e+00	3.281593e-01	2.670288e-10
6	Holding	4.137110e+01	1.226279e+00	3.281708e-01	2.002716e-10
6	Holding	4.145948e+01	1.314666e+00	3.282013e-01	2.288818e-10
6	Holding	4.154704e+01	1.402223e+00	3.281555e-01	2.539158e-10
6	Holding	4.163533e+01	1.490515e+00	3.282356e-01	2.443790e-10
6	Holding	4.172350e+01	1.578678e+00	3.281326e-01	2.324581e-10
6	Holding	4.181076e+01	1.665941e+00	3.281441e-01	2.503395e-10
6	Holding	4.189864e+01	1.753827e+00	3.280640e-01	2.110004e-10
6	Holding	4.198687e+01	1.842059e+00	3.281212e-01	2.181530e-10
6	Holding	4.207531e+01	1.930497e+00	3.281097e-01	2.205372e-10
6	Holding	4.216346e+01	2.018646e+00	3.281403e-01	2.276897e-10
6	Holding	4.225115e+01	2.106330e+00	3.280869e-01	2.253056e-10
6	Holding	4.233894e+01	2.194119e+00	3.281326e-01	2.264977e-10
6	Holding	4.242701e+01	2.282192e+00	3.280487e-01	2.217293e-10
6	Holding	4.251509e+01	2.370272e+00	3.280678e-01	2.264977e-10
6	Holding	4.260319e+01	2.458374e+00	3.281288e-01	1.883507e-10
6	Holding	4.269106e+01	2.546248e+00	3.281860e-01	2.181530e-10
6	Holding	4.277864e+01	2.633827e+00	3.280830e-01	2.229214e-10
6	Holding	4.286677e+01	2.721952e+00	3.280106e-01	2.300739e-10
6	Holding	4.295521e+01	2.810398e+00	3.280869e-01	2.384186e-10
6	Holding	4.304276e+01	2.897941e+00	3.279915e-01	2.086163e-10
6	Holding	4.313131e+01	2.986494e+00	3.280144e-01	2.312660e-10
6	Holding	4.321864e+01	3.073829e+00	3.280373e-01	2.276897e-10
6	Holding	4.330743e+01	3.162615e+00	3.280487e-01	2.276897e-10
6	Holding	4.339466e+01	3.249841e+00	3.280029e-01	2.408028e-10
6	Holding	4.348284e+01	3.338020e+00	3.280525e-01	2.098083e-10
6	Holding	4.357101e+01	3.426193e+00	3.279915e-01	2.551079e-10
6	Holding	4.365957e+01	3.514751e+00	3.279686e-01	2.002716e-10
6	Holding	4.374743e+01	3.602619e+00	3.279686e-01	2.324581e-10
6	Holding	4.383551e+01	3.690695e+00	3.280411e-01	1.811981e-10
6	Holding	4.392348e+01	3.778662e+00	3.279305e-01	2.169609e-10
6	Holding	4.401138e+01	3.866564e+00	3.278809e-01	2.133846e-10
6	Holding	4.409903e+01	3.954214e+00	3.278961e-01	1.764297e-10
6	Holding	4.418706e+01	4.042239e+00	3.280258e-01	2.229214e-10
6	Holding	4.427548e+01	4.130666e+00	3.280373e-01	2.193451e-10
6	Holding	4.436276e+01	4.217948e+00	3.279419e-01	1.907349e-10
6	Holding	4.445097e+01	4.306150e+00	3.278923e-01	1.811981e-10
6	Holding	4.453891e+01	4.394094e+00	3.279266e-01	2.050400e-10
6	Holding	4.462744e+01	4.482623e+00	3.280067e-01	2.229214e-10
6	Holding	4.471534e+01	4.570527e+00	3.278275e-01	2.610683e-10
6	Holding	4.480285e+01	4.658032e+00	3.279228e-01	2.336502e-10
6	Holding	4.489070e+01	4.745882e+00	3.279457e-01	2.300739e-10
6	Holding	4.497906e+01	4.834247e+00	3.278770e-01	2.515316e-10
6	Holding	4.506699e+01	4.922169e+00	3.278770e-01	2.479553e-10
7	Ramping	4.524288e+01	8.394518e-02	3.278542e-01	2.038479e-10
7	Ramping	4.533141e+01	1.724827e-01	3.278885e-01	8.344924e-07
7	Ramping	4.541878e+01	2.598503e-01	3.281326e-01	1.719290e-06
7	Ramping	4.550753e+01	3.485970e-01	3.293648e-01	3.873587e-06
7	Ramping	4.559543e+01	4.365019e-01	3.294449e-01	3.500104e-06
7	Ramping	4.568287e+01	5.239389e-01	3.297195e-01	4.383922e-06
7	Ramping	4.577149e+01	6.125588e-01	3.299065e-01	5.251050e-06
7	Ramping	4.585874e+01	6.998124e-01	3.302460e-01	6.139517e-06
7	Ramping	4.594713e+01	7.881941e-01	3.306236e-01	7.013917e-06
7	Ramping	4.603512e+01	8.761862e-01	3.309212e-01	7.894754e-06
7	Ramping	4.612285e+01	9.639195e-01	3.313789e-01	8.775711e-06
7	Ramping	4.621098e+01	1.052046e+00	3.319206e-01	9.651184e-06
7	Ramping	4.629915e+01	1.140218e+00	3.322449e-01	1.053190e-05
7	Ramping	4.638674e+01	1.227803e+00	3.327560e-01	1.141632e-05
7	Ramping	4.647488e+01	1.315945e+00	3.333397e-01	1.229072e-05
7	Ramping	4.656338e+01	1.404449e+00	3.337936e-01	1.316798e-05
7	Ramping	4.665058e+01	1.491645e+00	3.344421e-01	1.405156e-05
7	Ramping	4.673932e+01	1.580385e+00	3.350868e-01	1.493061e-05
7	Ramping	4.682719e+01	1.668253e+00	3.359032e-01	1.581633e-05
7	Ramping	4.691487e+01	1.755942e+00	3.366280e-01	1.669526e-05
7	Ramping	4.700301e+01	1.844079e+00	3.373337e-01	1.757038e-05
7	Ramping	4.709072e+01	1.931785e+00	3.381119e-01	1.844776e-05
7	Ramping	4.717880e+01	2.019866e+00	3.389053e-01	1.932812e-05
7	Ramping	4.726747e+01	2.108539e+00	3.398476e-01	2.021217e-05
7	Ramping	4.735458e+01	2.195646e+00	3.406143e-01	2.109683e-05
7	Ramping	4.744283e+01	2.283895e+00	3.415451e-01	2.196383e-05
7	Ramping	4.753073e+01	2.371801e+00	3.424988e-01	2.285063e-05
7	Ramping	4.761893e+01	2.460003e+00	3.435249e-01	2.372801e-05
7	Ramping	4.770705e+01	2.548115e+00	3.444405e-01	2.461076e-05
7	Ramping	4.779500e+01	2.636069e+00	3.455620e-01	2.549028e-05
7	Ramping	4.788280e+01	2.723865e+00	3.466568e-01	2.636564e-05
7	Ramping	4.797102e+01	2.812084e+00	3.477898e-01	2.724290e-05
7	Ramping	4.805953e+01	2.900602e+00	3.488922e-01	2.812946e-05
7	Ramping	4.814729e+01	2.988359e+00	3.500595e-01	2.901113e-05
7	Ramping	4.823458e+01	3.075651e+00	3.512268e-01	2.988982e-05
7	Ramping	4.832311e+01	3.164179e+00	3.524971e-01	3.076386e-05
7	Ramping	4.841115e+01	3.252219e+00	3.538055e-01	3.164971e-05
7	Ramping	4.849863e+01	3.339698e+00	3.551140e-01	3.252816e-05
7	Ramping	4.858675e+01	3.427823e+00	3.565254e-01	3.340697e-05
7	Ramping	4.867475e+01	3.515814e+00	3.578949e-01	3.428137e-05
7	Ramping	4.876275e+01	3.603821e+00	3.594856e-01	3.516579e-05
7	Ramping	4.885061e+01	3.691676e+00	3.608322e-01	3.604341e-05
7	Ramping	4.893880e+01	3.779871e+00	3.623238e-01	3.692484e-05
7	Ramping	4.902682e+01	3.867892e+00	3.637619e-01	3.780103e-05
7	Ramping	4.911481e+01	3.955883e+00	3.653831e-01	3.868270e-05
7	Ramping	4.920300e+01	4.044071e+00	3.670044e-01	3.956544e-05
7	Ramping	4.929081e+01	4.131874e+00	3.686028e-01	4.044986e-05
7	Ramping	4.937935e+01	4.220418e+00	3.701630e-01	4.132199e-05
7	Ramping	4.946710e+01	4.308163e+00	3.720131e-01	4.220974e-05
7	Ramping	4.955453e+01	4.395594e+00	3.736916e-01	4.308665e-05
7	Ramping	4.964352e+01	4.484585e+00	3.754578e-01	4.396045e-05
7	Ramping	4.973157e+01	4.572636e+00	3.770828e-01	4.485154e-05
7	Ramping	4.981926e+01	4.660328e+00	3.789673e-01	4.573238e-05
7	Ramping	4.990698e+01	4.748049e+00	3.808632e-01	4.661036e-05
7	Ramping	4.999497e+01	4.836034e+00	3.827248e-01	4.748619e-05
7	Ramping	5.008346e+01	4.924525e+00	3.845787e-01	4.836535e-05
7	Holding	5.017133e+01	5.012396e+00	3.865471e-01	4.925168e-05
7	Holding	5.025902e+01	5.100093e+00	3.885345e-01	5.000436e-05
7	Holding	5.034755e+01	5.188623e+00	3.905487e-01	5.001402e-05
7	Holding	5.043496e+01	5.276031e+00	3.923492e-01	5.001283e-05
7	Holding	5.052263e+01	5.363699e+00	3.942871e-01	5.001533e-05
7	Holding	5.061144e+01	5.452511e+00	3.961563e-01	5.001354e-05
7	Holding	5.069944e+01	5.540509e+00	3.981133e-01	5.001414e-05
7	Holding	5.078755e+01	5.628623e+00	3.999100e-01	5.001748e-05
7	Holding	5.087526e+01	5.716331e+00	4.018364e-01	5.001402e-05
7	Holding	5.096272e+01	5.803789e+00	4.037857e-01	5.001247e-05
7	Holding	5.105113e+01	5.892194e+00	4.056931e-01	5.001545e-05
7	Holding	5.113922e+01	5.980291e+00	4.076080e-01	5.001438e-05
7	Holding	5.122742e+01	6.068490e+00	4.094696e-01	5.001342e-05
7	Holding	5.131543e+01	6.156501e+00	4.114532e-01	5.001152e-05
7	Holding	5.140294e+01	6.244010e+00	4.133720e-01	5.001462e-05
7	Holding	5.149081e+01	6.331878e+00	4.151840e-01	5.001175e-05
7	Holding	5.157865e+01	6.419721e+00	4.170914e-01	5.001450e-05
7	Holding	5.166694e+01	6.508004e+00	4.189758e-01	5.001473e-05
7	Holding	5.175522e+01	6.596288e+00	4.208336e-01	5.001342e-05
7	Holding	5.184338e+01	6.684450e+00	4.226837e-01	5.001175e-05
7	Holding	5.193133e+01	6.772395e+00	4.245529e-01	5.000842e-05
7	Holding	5.201945e+01	6.860519e+00	4.265404e-01	5.001438e-05
7	Holding	5.210754e+01	6.948606e+00	4.283905e-01	5.001414e-05
7	Holding	5.219539e+01	7.036453e+00	4.302979e-01	5.001366e-05
7	Holding	5.228311e+01	7.124182e+00	4.321365e-01	5.001867e-05
7	Holding	5.237065e+01	7.211714e+00	4.340210e-01	5.001390e-05
7	Holding	5.245930e+01	7.300372e+00	4.359322e-01	5.001140e-05
7	Holding	5.254709e+01	7.388159e+00	4.378738e-01	5.001259e-05
7	Holding	5.263463e+01	7.475694e+00	4.397240e-01	5.001497e-05
7	Holding	5.272349e+01	7.564562e+00	4.415665e-01	5.001414e-05
7	Holding	5.281157e+01	7.652634e+00	4.434776e-01	5.001628e-05
7	Holding	5.289856e+01	7.739624e+00	4.453621e-01	5.001485e-05
7	Holding	5.298746e+01	7.828532e+00	4.473114e-01	5.001509e-05
7	Holding	5.307514e+01	7.916204e+00	4.492149e-01	5.001402e-05
7	Holding	5.316304e+01	8.004109e+00	4.510231e-01	5.001497e-05
7	Holding	5.325148e+01	8.092551e+00	4.528694e-01	5.001366e-05
7	Holding	5.333912e+01	8.180184e+00	4.548340e-01	5.001223e-05
7	Holding	5.342747e+01	8.268539e+00	4.566689e-01	5.001712e-05
7	Holding	5.351548e+01	8.356550e+00	4.585228e-01	5.001462e-05
7	Holding	5.360319e+01	8.444256e+00	4.605560e-01	5.001116e-05
7	Holding	5.369085e+01	8.531917e+00	4.623184e-01	5.001557e-05
7	Holding	5.377857e+01	8.619634e+00	4.640808e-01	5.001199e-05
7	Holding	5.386730e+01	8.708370e+00	4.660339e-01	5.001605e-05
7	Holding	5.395511e+01	8.796178e+00	4.679909e-01	5.001378e-05
7	Holding	5.404332e+01	8.884389e+00	4.699211e-01	5.001652e-05
7	Holding	5.413114e+01	8.972208e+00	4.717445e-01	5.001581e-05
7	Holding	5.421899e+01	9.060059e+00	4.735680e-01	5.001271e-05
7	Holding	5.430729e+01	9.148363e+00	4.753342e-01	5.001104e-05
7	Holding	5.439506e+01	9.236125e+00	4.773827e-01	5.001545e-05
7	Holding	5.448334e+01	9.324405e+00	4.791527e-01	5.001318e-05
7	Holding	5.457122e+01	9.412287e+00	4.811211e-01	5.001414e-05
7	Holding	5.465879e+01	9.499859e+00	4.829903e-01	5.001545e-05
7	Holding	5.474743e+01	9.588499e+00	4.848366e-01	5.001330e-05
7	Holding	5.483491e+01	9.675978e+00	4.867516e-01	5.001342e-05
7	Holding	5.492345e+01	9.764520e+00	4.885635e-01	5.001426e-05
7	Holding	5.501082e+01	9.851892e+00	4.904861e-01	5.001509e-05
7	Holding	5.509898e+01	9.940045e+00	4.923782e-01	5.001533e-05
7	Holding	5.518757e+01	1.002864e+01	4.943047e-01	5.001521e-05
7	Holding	5.527511e+01	1.011618e+01	4.960022e-01	5.001307e-05
7	Holding	5.536325e+01	1.020432e+01	4.979858e-01	5.001342e-05
7	Holding	5.545099e+01	1.029206e+01	4.998741e-01	5.001462e-05
7	Holding	5.553917e+01	1.038024e+01	5.018005e-01	5.001462e-05
7	Holding	5.562667e+01	1.046774e+01	5.036354e-01	5.001581e-05
7	Holding	5.571468e+01	1.055575e+01	5.054436e-01	5.001211e-05
7	Holding	5.580356e+01	1.064463e+01	5.074348e-01	5.001402e-05
7	Holding	5.589095e+01	1.073202e+01	5.092278e-01	5.001307e-05
7	Holding	5.597908e+01	1.082015e+01	5.112152e-01	5.001307e-05
7	Holding	5.606724e+01	1.090830e+01	5.130157e-01	5.001616e-05
7	Holding	5.615499e+01	1.099606e+01	5.147743e-01	5.001462e-05
7	Holding	5.624353e+01	1.108460e+01	5.166550e-01	5.001378e-05
7	Holding	5.633110e+01	1.117217e+01	5.185394e-01	5.001450e-05
7	Holding	5.641950e+01	1.126057e+01	5.204506e-01	5.001307e-05
7	Holding	5.650744e+01	1.134851e+01	5.223999e-01	5.001652e-05
7	Holding	5.659494e+01	1.143601e+01	5.241394e-01	5.001545e-05
7	Holding	5.668271e+01	1.152378e+01	5.260048e-01	5.001676e-05
7	Holding	5.677086e+01	1.161193e+01	5.279655e-01	5.001485e-05
7	Holding	5.685949e+01	1.170056e+01	5.298653e-01	5.001366e-05
7	Holding	5.694671e+01	1.178778e+01	5.316620e-01	5.001414e-05
7	Holding	5.703551e+01	1.187658e+01	5.335083e-01	5.001378e-05
7	Holding	5.712329e+01	1.196436e+01	5.354309e-01	5.000985e-05
7	Holding	5.721092e+01	1.205199e+01	5.373230e-01	5.001616e-05
7	Holding	5.729883e+01	1.213990e+01	5.391846e-01	5.001390e-05
7	Holding	5.738715e+01	1.222822e+01	5.410194e-01	5.001688e-05
7	Holding	5.747527e+01	1.231634e+01	5.428238e-01	5.001605e-05
7	Holding	5.756319e+01	1.240425e+01	5.446815e-01	5.001462e-05
7	Holding	5.765152e+01	1.249259e+01	5.466461e-01	5.001342e-05
7	Holding	5.773890e+01	1.257997e+01	5.485306e-01	5.001450e-05
7	Holding	5.782694e+01	1.266801e+01	5.503273e-01	5.001414e-05
7	Holding	5.791526e+01	1.275632e+01	5.522041e-01	5.001462e-05
7	Holding	5.800316e+01	1.284423e+01	5.540390e-01	5.001426e-05
7	Holding	5.809134e+01	1.293241e+01	5.559616e-01	5.001521e-05
7	Holding	5.817909e+01	1.302015e+01	5.578308e-01	5.001616e-05
7	Holding	5.826682e+01	1.310789e+01	5.596924e-01	5.001545e-05
7	Holding	5.835461e+01	1.319567e+01	5.615883e-01	5.001366e-05
7	Holding	5.844328e+01	1.328435e+01	5.633545e-01	5.001533e-05
7	Holding	5.853079e+01	1.337186e+01	5.652809e-01	5.001545e-05
7	Holding	5.861880e+01	1.345987e+01	5.671463e-01	5.001402e-05
7	Holding	5.870731e+01	1.354838e+01	5.690804e-01	5.001462e-05
7	Holding	5.879462e+01	1.363569e+01	5.708122e-01	5.001676e-05
7	Holding	5.888341e+01	1.372448e+01	5.726624e-01	5.001819e-05
7	Holding	5.897135e+01	1.381242e+01	5.746269e-01	5.001569e-05
7	Holding	5.905872e+01	1.389978e+01	5.764923e-01	5.001664e-05
7	Holding	5.914727e+01	1.398834e+01	5.783157e-01	5.001366e-05
7	Holding	5.923488e+01	1.407595e+01	5.802574e-01	5.001438e-05
7	Holding	5.932345e+01	1.416452e+01	5.820351e-01	5.001402e-05
7	Holding	5.941067e+01	1.425174e+01	5.838776e-01	5.001652e-05
7	Holding	5.949868e+01	1.433975e+01	5.856895e-01	5.001760e-05
7	Holding	5.958688e+01	1.442794e+01	5.875702e-01	5.001521e-05
7	Holding	5.967463e+01	1.451569e+01	5.894852e-01	5.001426e-05
7	Holding	5.976289e+01	1.460396e+01	5.913544e-01	5.001366e-05
7	Holding	5.985100e+01	1.469207e+01	5.932617e-01	5.001414e-05
7	Holding	5.993944e+01	1.478051e+01	5.950394e-01	5.001497e-05
7	Holding	6.002658e+01	1.486765e+01	5.969810e-01	5.001545e-05
7	Holding	6.011503e+01	1.495609e+01	5.987396e-01	5.001509e-05
8	Ramping	6.029067e+01	8.296017e-02	6.006355e-01	5.001450e-05
8	Ramping	6.037864e+01	1.709295e-01	6.042862e-01	4.920018e-05
8	Ramping	6.046736e+01	2.596543e-01	6.061096e-01	4.831862e-05
8	Ramping	6.055458e+01	3.468686e-01	6.077271e-01	4.743731e-05
8	Ramping	6.064310e+01	4.353950e-01	6.093216e-01	4.655778e-05
8	Ramping	6.073086e+01	5.231558e-01	6.110077e-01	4.567373e-05
8	Ramping	6.081919e+01	6.114800e-01	6.124725e-01	4.479647e-05
8	Ramping	6.090689e+01	6.991792e-01	6.141434e-01	4.391754e-05
8	Ramping	6.099499e+01	7.872828e-01	6.156120e-01	4.303575e-05
8	Ramping	6.108276e+01	8.750480e-01	6.171112e-01	4.215908e-05
8	Ramping	6.117081e+01	9.631063e-01	6.185188e-01	4.127765e-05
8	Ramping	6.125895e+01	1.051239e+00	6.200409e-01	4.040360e-05
8	Ramping	6.134658e+01	1.138867e+00	6.214256e-01	3.952050e-05
8	Ramping	6.143471e+01	1.227001e+00	6.227150e-01	3.864312e-05
8	Ramping	6.152264e+01	1.314932e+00	6.240578e-01	3.776145e-05
8	Ramping	6.161054e+01	1.402828e+00	6.252251e-01	3.688574e-05
8	Ramping	6.169935e+01	1.491643e+00	6.264801e-01	3.600240e-05
8	Ramping	6.178755e+01	1.579845e+00	6.277390e-01	3.511834e-05
8	Ramping	6.187474e+01	1.667028e+00	6.288757e-01	3.423142e-05
8	Ramping	6.196323e+01	1.755520e+00	6.300011e-01	3.336453e-05
8	Ramping	6.205116e+01	1.843454e+00	6.310387e-01	3.247666e-05
8	Ramping	6.213877e+01	1.931064e+00	6.322899e-01	3.159761e-05
8	Ramping	6.222661e+01	2.018901e+00	6.332321e-01	3.072572e-05
8	Ramping	6.231530e+01	2.107596e+00	6.342468e-01	2.984381e-05
8	Ramping	6.240329e+01	2.195577e+00	6.352425e-01	2.895689e-05
8	Ramping	6.249103e+01	2.283319e+00	6.361694e-01	2.807748e-05
8	Ramping	6.257870e+01	2.370988e+00	6.370316e-01	2.720284e-05
8	Ramping	6.266753e+01	2.459821e+00	6.379204e-01	2.631783e-05
8	Ramping	6.275485e+01	2.547140e+00	6.386909e-01	2.543664e-05
8	Ramping	6.284319e+01	2.635479e+00	6.394310e-01	2.456474e-05
8	Ramping	6.293075e+01	2.723046e+00	6.402893e-01	2.368319e-05
8	Ramping	6.301858e+01	2.810866e+00	6.410332e-01	2.280390e-05
8	Ramping	6.310748e+01	2.899769e+00	6.417389e-01	2.192461e-05
8	Ramping	6.319542e+01	2.987712e+00	6.424103e-01	2.103662e-05
8	Ramping	6.328320e+01	3.075493e+00	6.430397e-01	2.015924e-05
8	Ramping	6.337113e+01	3.163420e+00	6.437492e-01	1.927865e-05
8	Ramping	6.345877e+01	3.251065e+00	6.441841e-01	1.840174e-05
8	Ramping	6.354693e+01	3.339219e+00	6.447716e-01	1.752353e-05
8	Ramping	6.363509e+01	3.427380e+00	6.452332e-01	1.664400e-05
8	Ramping	6.372320e+01	3.515496e+00	6.457443e-01	1.576030e-05
8	Ramping	6.381067e+01	3.602957e+00	6.461411e-01	1.488197e-05
8	Ramping	6.389848e+01	3.690776e+00	6.465416e-01	1.401114e-05
8	Ramping	6.398697e+01	3.779266e+00	6.469765e-01	1.312876e-05
8	Ramping	6.407480e+01	3.867093e+00	6.472359e-01	1.224387e-05
8	Ramping	6.416327e+01	3.955561e+00	6.474915e-01	1.136672e-05
8	Ramping	6.425155e+01	4.043845e+00	6.477776e-01	1.048243e-05
8	Ramping	6.433865e+01	4.130941e+00	6.480255e-01	9.599090e-06
8	Ramping	6.442717e+01	4.219459e+00	6.483078e-01	8.725643e-06
8	Ramping	6.451530e+01	4.307595e+00	6.483040e-01	7.840991e-06
8	Ramping	6.460325e+01	4.395544e+00	6.484337e-01	6.960630e-06
8	Ramping	6.469108e+01	4.483372e+00	6.485291e-01	6.086230e-06
8	Ramping	6.477885e+01	4.571143e+00	6.486588e-01	5.201459e-06
8	Ramping	6.486725e+01	4.659542e+00	6.486053e-01	4.326582e-06
8	Ramping	6.495486e+01	4.747154e+00	6.487045e-01	3.444314e-06
8	Ramping	6.504281e+01	4.835098e+00	6.486053e-01	2.572417e-06
8	Ramping	6.513076e+01	4.923055e+00	6.485443e-01	1.652844e-06
8	Ramping	6.521915e+01	5.011445e+00	6.485023e-01	7.896936e-07
8	Ramping	6.530687e+01	5.099159e+00	6.483841e-01	-9.381771e-08
8	Ramping	6.539543e+01	5.187718e+00	6.481743e-01	-9.706414e-07
8	Ramping	6.548285e+01	5.275144e+00	6.479797e-01	-1.855837e-06
8	Ramping	6.557065e+01	5.362944e+00	6.466179e-01	-4.012823e-06
8	Ramping	6.565889e+01	5.451182e+00	6.464882e-01	-3.594995e-06
8	Ramping	6.574664e+01	5.538936e+00	6.462288e-01	-4.474521e-06
8	Ramping	6.583512e+01	5.627412e+00	6.458969e-01	-5.350947e-06
8	Ramping	6.592260e+01	5.714891e+00	6.454697e-01	-6.238222e-06
8	Ramping	6.601143e+01	5.803721e+00	6.451569e-01	-7.111907e-06
8	Ramping	6.609859e+01	5.890878e+00	6.446800e-01	-8.000612e-06
8	Ramping	6.618731e+01	5.979605e+00	6.441193e-01	-8.864999e-06
8	Ramping	6.627458e+01	6.066876e+00	6.436005e-01	-9.755731e-06
8	Ramping	6.636291e+01	6.155202e+00	6.431732e-01	-1.063180e-05
8	Ramping	6.645062e+01	6.242908e+00	6.425362e-01	-1.151037e-05
8	Ramping	6.653876e+01	6.331051e+00	6.419868e-01	-1.238918e-05
8	Ramping	6.662682e+01	6.419112e+00	6.413879e-01	-1.326823e-05
8	Ramping	6.671533e+01	6.507622e+00	6.406441e-01	-1.414979e-05
8	Ramping	6.680293e+01	6.595223e+00	6.399727e-01	-1.503694e-05
8	Ramping	6.689106e+01	6.683348e+00	6.392250e-01	-1.591158e-05
8	Ramping	6.697870e+01	6.770991e+00	6.384277e-01	-1.679099e-05
8	Ramping	6.706654e+01	6.858832e+00	6.377258e-01	-1.766777e-05
8	Ramping	6.715552e+01	6.947811e+00	6.367760e-01	-1.854599e-05
8	Ramping	6.724338e+01	7.035668e+00	6.359444e-01	-1.943409e-05
8	Ramping	6.733114e+01	7.123433e+00	6.350632e-01	-2.031195e-05
8	Ramping	6.741855e+01	7.210839e+00	6.341553e-01	-2.118886e-05
8	Ramping	6.750707e+01	7.299362e+00	6.331635e-01	-2.206635e-05
8	Ramping	6.759499e+01	7.387284e+00	6.321182e-01	-2.294779e-05
8	Ramping	6.768330e+01	7.475595e+00	6.311760e-01	-2.382874e-05
8	Ramping	6.777133e+01	7.563622e+00	6.299706e-01	-2.471089e-05
8	Ramping	6.785957e+01	7.651863e+00	6.290169e-01	-2.558994e-05
8	Ramping	6.794671e+01	7.739000e+00	6.279068e-01	-2.647197e-05
8	Ramping	6.803459e+01	7.826879e+00	6.266747e-01	-2.734578e-05
8	Ramping	6.812307e+01	7.915364e+00	6.255188e-01	-2.822924e-05
8	Ramping	6.821137e+01	8.003663e+00	6.241379e-01	-2.910686e-05
8	Ramping	6.829913e+01	8.091420e+00	6.229134e-01	-2.999353e-05
8	Ramping	6.838660e+01	8.178891e+00	6.217117e-01	-3.087020e-05
8	Ramping	6.847539e+01	8.267695e+00	6.203461e-01	-3.174675e-05
8	Ramping	6.856353e+01	8.355818e+00	6.189880e-01	-3.262973e-05
8	Ramping	6.865147e+01	8.443763e+00	6.175003e-01	-3.351104e-05
8	Ramping	6.873890e+01	8.531194e+00	6.161499e-01	-3.439105e-05
8	Ramping	6.882749e+01	8.619782e+00	6.146202e-01	-3.526425e-05
8	Ramping	6.891490e+01	8.707194e+00	6.132050e-01	-3.614926e-05
8	Ramping	6.900315e+01	8.795438e+00	6.117134e-01	-3.702867e-05
8	Ramping	6.909121e+01	8.883497e+00	6.100235e-01	-3.790665e-05
8	Ramping	6.917859e+01	8.970883e+00	6.085167e-01	-3.878486e-05
8	Ramping	6.926716e+01	9.059447e+00	6.069794e-01	-3.966320e-05
8	Ramping	6.935515e+01	9.147439e+00	6.051216e-01	-4.055023e-05
8	Ramping	6.944324e+01	9.235530e+00	6.035461e-01	-4.142606e-05
8	Ramping	6.953157e+01	9.323861e+00	6.018219e-01	-4.231203e-05
8	Ramping	6.961950e+01	9.411791e+00	6.000137e-01	-4.318726e-05
8	Ramping	6.970708e+01	9.499373e+00	5.981636e-01	-4.406869e-05
8	Ramping	6.979488e+01	9.587174e+00	5.964355e-01	-4.494393e-05
8	Ramping	6.988270e+01	9.674991e+00	5.944901e-01	-4.582286e-05
8	Ramping	6.997146e+01	9.763752e+00	5.925903e-01	-4.670155e-05
8	Ramping	7.005914e+01	9.851430e+00	5.906219e-01	-4.759252e-05
8	Ramping	7.014676e+01	9.939052e+00	5.887985e-01	-4.846656e-05
8	Holding	7.023486e+01	1.002715e+01	5.867958e-01	-4.933870e-05
8	Holding	7.032291e+01	1.011521e+01	5.847282e-01	-4.996252e-05
8	Holding	7.041145e+01	1.020374e+01	5.827904e-01	-4.996407e-05
8	Holding	7.049953e+01	1.029182e+01	5.808067e-01	-4.996300e-05
8	Holding	7.058738e+01	1.037967e+01	5.789375e-01	-4.996514e-05
8	Holding	7.067531e+01	1.046760e+01	5.770569e-01	-4.996419e-05
8	Holding	7.076273e+01	1.055502e+01	5.751076e-01	-4.996204e-05
8	Holding	7.085070e+01	1.064299e+01	5.730438e-01	-4.996300e-05
8	Holding	7.093879e+01	1.073108e+01	5.713387e-01	-4.996574e-05
8	Holding	7.102663e+01	1.081892e+01	5.692368e-01	-4.996586e-05
8	Holding	7.111481e+01	1.090710e+01	5.674210e-01	-4.996586e-05
8	Holding	7.120318e+01	1.099547e+01	5.655289e-01	-4.996312e-05
8	Holding	7.129072e+01	1.108301e+01	5.635185e-01	-4.996514e-05
8	Holding	7.137942e+01	1.117171e+01	5.616608e-01	-4.996443e-05
8	Holding	7.146684e+01	1.125914e+01	5.596504e-01	-4.996288e-05
8	Holding	7.155537e+01	1.134766e+01	5.576401e-01	-4.996228e-05
8	Holding	7.164355e+01	1.143584e+01	5.558167e-01	-4.996502e-05
8	Holding	7.173144e+01	1.152373e+01	5.539474e-01	-4.996717e-05
8	Holding	7.181862e+01	1.161091e+01	5.519066e-01	-4.996753e-05
8	Holding	7.190695e+01	1.169924e+01	5.500565e-01	-4.996181e-05
8	Holding	7.199528e+01	1.178757e+01	5.480957e-01	-4.996443e-05
8	Holding	7.208356e+01	1.187585e+01	5.463409e-01	-4.996526e-05
8	Holding	7.217150e+01	1.196379e+01	5.442963e-01	-4.996121e-05
8	Holding	7.225947e+01	1.205176e+01	5.423470e-01	-4.996490e-05
8	Holding	7.234753e+01	1.213982e+01	5.404205e-01	-4.996383e-05
8	Holding	7.243470e+01	1.222699e+01	5.386047e-01	-4.996455e-05
8	Holding	7.252269e+01	1.231498e+01	5.365677e-01	-4.996490e-05
8	Holding	7.261105e+01	1.240334e+01	5.349693e-01	-4.996705e-05
8	Holding	7.269865e+01	1.249094e+01	5.327835e-01	-4.996407e-05
8	Holding	7.278744e+01	1.257973e+01	5.308838e-01	-4.996574e-05
8	Holding	7.287546e+01	1.266776e+01	5.290756e-01	-4.996371e-05
8	Holding	7.296263e+01	1.275492e+01	5.269852e-01	-4.996550e-05
8	Holding	7.305142e+01	1.284371e+01	5.251350e-01	-4.996479e-05
8	Holding	7.313876e+01	1.293105e+01	5.232086e-01	-4.996133e-05
8	Holding	7.322715e+01	1.301944e+01	5.214539e-01	-4.996395e-05
8	Holding	7.331470e+01	1.310699e+01	5.194359e-01	-4.996693e-05
8	Holding	7.340257e+01	1.319486e+01	5.174789e-01	-4.996443e-05
8	Holding	7.349108e+01	1.328338e+01	5.155487e-01	-4.996419e-05
8	Holding	7.357920e+01	1.337149e+01	5.137291e-01	-4.996538e-05
8	Holding	7.366688e+01	1.345918e+01	5.117531e-01	-4.996347e-05
8	Holding	7.375475e+01	1.354704e+01	5.098763e-01	-4.996395e-05
8	Holding	7.384275e+01	1.363504e+01	5.080070e-01	-4.996538e-05
8	Holding	7.393057e+01	1.372286e+01	5.060158e-01	-4.996455e-05
8	Holding	7.401892e+01	1.381121e+01	5.041008e-01	-4.996192e-05
8	Holding	7.410706e+01	1.389935e+01	5.023232e-01	-4.996443e-05
8	Holding	7.419485e+01	1.398714e+01	5.003204e-01	-4.996586e-05
8	Holding	7.428304e+01	1.407533e+01	4.983864e-01	-4.996300e-05
8	Holding	7.437088e+01	1.416318e+01	4.964790e-01	-4.996645e-05
8	Holding	7.445889e+01	1.425118e+01	4.946785e-01	-4.996645e-05
8	Holding	7.454664e+01	1.433893e+01	4.926758e-01	-4.996586e-05
8	Holding	7.463548e+01	1.442777e+01	4.907951e-01	-4.996657e-05
8	Holding	7.472296e+01	1.451525e+01	4.888458e-01	-4.996097e-05
8	Holding	7.481109e+01	1.460339e+01	4.871292e-01	-4.996371e-05
8	Holding	7.489950e+01	1.469179e+01	4.850388e-01	-4.996443e-05
8	Holding	7.498719e+01	1.477948e+01	4.832458e-01	-4.996598e-05
8	Holding	7.507527e+01	1.486756e+01	4.814224e-01	-4.996407e-05
8	Holding	7.516350e+01	1.495579e+01	4.794121e-01	-4.996490e-05
9	Ramping	7.533953e+01	8.297054e-02	4.774361e-01	-4.996312e-05
9	Ramping	7.542735e+01	1.707905e-01	4.739037e-01	-4.828751e-05
9	Ramping	7.551491e+01	2.583467e-01	4.723663e-01	-4.653180e-05
9	Ramping	7.560321e+01	3.466487e-01	4.707718e-01	-4.477954e-05
9	Ramping	7.569078e+01	4.342164e-01	4.693336e-01	-4.301405e-05
9	Ramping	7.577883e+01	5.222746e-01	4.678879e-01	-4.126251e-05
9	Ramping	7.586669e+01	6.101336e-01	4.666443e-01	-3.950214e-05
9	Ramping	7.595544e+01	6.988860e-01	4.652023e-01	-3.774488e-05
9	Ramping	7.604265e+01	7.860941e-01	4.639816e-01	-3.597164e-05
9	Ramping	7.613154e+01	8.749778e-01	4.628410e-01	-3.422332e-05
9	Ramping	7.621919e+01	9.626346e-01	4.618721e-01	-3.245306e-05
9	Ramping	7.630694e+01	1.050380e+00	4.609413e-01	-3.069830e-05
9	Ramping	7.639556e+01	1.138998e+00	4.600754e-01	-2.894390e-05
9	Ramping	7.648260e+01	1.226045e+00	4.590721e-01	-2.717066e-05
9	Ramping	7.657127e+01	1.314712e+00	4.583473e-01	-2.543485e-05
9	Ramping	7.665893e+01	1.402371e+00	4.576035e-01	-2.365685e-05
9	Ramping	7.674695e+01	1.490388e+00	4.568291e-01	-2.190423e-05
9	Ramping	7.683502e+01	1.578461e+00	4.564056e-01	-2.014339e-05
9	Ramping	7.692273e+01	1.666167e+00	4.557457e-01	-1.838231e-05
9	Ramping	7.701116e+01	1.754596e+00	4.552650e-01	-1.663244e-05
9	Ramping	7.709910e+01	1.842541e+00	4.549789e-01	-1.486373e-05
9	Ramping	7.718712e+01	1.930566e+00	4.545441e-01	-1.310444e-05
9	Ramping	7.727547e+01	2.018912e+00	4.544411e-01	-1.134551e-05
9	Ramping	7.736325e+01	2.106694e+00	4.542198e-01	-9.579539e-06
9	Ramping	7.745091e+01	2.194349e+00	4.540901e-01	-7.822633e-06
9	Ramping	7.753880e+01	2.282238e+00	4.540482e-01	-6.065607e-06
9	Ramping	7.762686e+01	2.370298e+00	4.539871e-01	-4.314065e-06
9	Ramping	7.771473e+01	2.458171e+00	4.541855e-01	-2.553105e-06
9	Ramping	7.780292e+01	2.546358e+00	4.544411e-01	-7.956004e-07
9	Ramping	7.789062e+01	2.634061e+00	4.544258e-01	9.519160e-07
9	Ramping	7.797884e+01	2.722281e+00	4.554405e-01	3.354073e-06
9	Ramping	7.806681e+01	2.810251e+00	4.557266e-01	4.491210e-06
9	Ramping	7.815543e+01	2.898869e+00	4.561195e-01	6.250501e-06
9	Ramping	7.824319e+01	2.986628e+00	4.567528e-01	8.021116e-06
9	Ramping	7.833092e+01	3.074362e+00	4.572372e-01	9.773731e-06
9	Ramping	7.841853e+01	3.161971e+00	4.578819e-01	1.152647e-05
9	Ramping	7.850684e+01	3.250282e+00	4.586067e-01	1.328599e-05
9	Ramping	7.859457e+01	3.338016e+00	4.593468e-01	1.504612e-05
9	Ramping	7.868359e+01	3.427032e+00	4.601555e-01	1.680171e-05
9	Ramping	7.877107e+01	3.514514e+00	4.609299e-01	1.857972e-05
9	Ramping	7.885891e+01	3.602355e+00	4.619293e-01	2.033031e-05
9	Ramping	7.894731e+01	3.690757e+00	4.629250e-01	2.208924e-05
9	Ramping	7.903473e+01	3.778171e+00	4.640656e-01	2.385640e-05
9	Ramping	7.912332e+01	3.866758e+00	4.651642e-01	2.560353e-05
9	Ramping	7.921083e+01	3.954271e+00	4.665146e-01	2.737451e-05
9	Ramping	7.929911e+01	4.042555e+00	4.678421e-01	2.911723e-05
9	Ramping	7.938662e+01	4.130058e+00	4.692307e-01	3.089225e-05
9	Ramping	7.947491e+01	4.218348e+00	4.705009e-01	3.263950e-05
9	Ramping	7.956302e+01	4.306461e+00	4.721909e-01	3.440630e-05
9	Ramping	7.965080e+01	4.394246e+00	4.735451e-01	3.616285e-05
9	Ramping	7.973866e+01	4.482106e+00	4.753838e-01	3.792179e-05
9	Ramping	7.982737e+01	4.570813e+00	4.769440e-01	3.967547e-05
9	Ramping	7.991454e+01	4.657980e+00	4.788628e-01	4.145241e-05
9	Ramping	8.000302e+01	4.746465e+00	4.805260e-01	4.319620e-05
9	Ramping	8.009053e+01	4.833973e+00	4.824638e-01	4.496360e-05
9	Ramping	8.017948e+01	4.922923e+00	4.845543e-01	4.671431e-05
9	Ramping	8.026698e+01	5.010425e+00	4.865112e-01	4.849231e-05
9	Ramping	8.035455e+01	5.097990e+00	4.885750e-01	5.023706e-05
9	Ramping	8.044297e+01	5.186408e+00	4.907646e-01	5.199444e-05
9	Ramping	8.053065e+01	5.274092e+00	4.929466e-01	5.376172e-05
9	Ramping	8.061861e+01	5.362051e+00	4.952354e-01	5.551612e-05
9	Ramping	8.070728e+01	5.450726e+00	4.976768e-01	5.726957e-05
9	Ramping	8.079473e+01	5.538175e+00	5.000343e-01	5.904543e-05
9	Ramping	8.088302e+01	5.626462e+00	5.026703e-01	6.079376e-05
9	Ramping	8.097126e+01	5.714704e+00	5.050583e-01	6.255805e-05
9	Ramping	8.105891e+01	5.802353e+00	5.078506e-01	6.432378e-05
9	Ramping	8.114690e+01	5.890337e+00	5.103760e-01	6.607890e-05
9	Ramping	8.123508e+01	5.978521e+00	5.132561e-01	6.783497e-05
9	Ramping	8.132277e+01	6.066214e+00	5.160522e-01	6.959844e-05
9	Ramping	8.141110e+01	6.154537e+00	5.191040e-01	7.135284e-05
9	Ramping	8.149874e+01	6.242179e+00	5.218735e-01	7.312262e-05
9	Ramping	8.158702e+01	6.330466e+00	5.250130e-01	7.487178e-05
9	Ramping	8.167528e+01	6.418717e+00	5.281029e-01	7.663608e-05
9	Ramping	8.176296e+01	6.506399e+00	5.311546e-01	7.839882e-05
9	Ramping	8.185057e+01	6.594016e+00	5.345306e-01	8.015275e-05
9	Ramping	8.193938e+01	6.682826e+00	5.377426e-01	8.190417e-05
9	Ramping	8.202684e+01	6.770278e+00	5.411491e-01	8.368039e-05
9	Ramping	8.211477e+01	6.858215e+00	5.445976e-01	8.543015e-05
9	Ramping	8.220261e+01	6.946051e+00	5.480881e-01	8.719087e-05
9	Ramping	8.229131e+01	7.034749e+00	5.515976e-01	8.894503e-05
9	Ramping	8.237908e+01	7.122517e+00	5.552864e-01	9.072113e-05
9	Ramping	8.246744e+01	7.210885e+00	5.589218e-01	9.247422e-05
9	Ramping	8.255501e+01	7.298447e+00	5.628014e-01	9.423780e-05
9	Ramping	8.264279e+01	7.386227e+00	5.664635e-01	9.599400e-05
9	Ramping	8.273078e+01	7.474224e+00	5.703011e-01	9.774792e-05
9	Holding	8.281948e+01	7.562923e+00	5.744324e-01	9.950721e-05
9	Holding	8.290678e+01	7.650225e+00	5.782738e-01	9.999657e-05
9	Holding	8.299471e+01	7.738148e+00	5.821419e-01	1.000038e-04
9	Holding	8.308293e+01	7.826374e+00	5.858612e-01	1.000043e-04
9	Holding	8.317143e+01	7.914867e+00	5.898209e-01	1.000050e-04
9	Holding	8.325932e+01	8.002765e+00	5.936356e-01	1.000018e-04
9	Holding	8.334755e+01	8.090990e+00	5.974503e-01	1.000037e-04
9	Holding	8.343517e+01	8.178611e+00	6.012115e-01	1.000035e-04
9	Holding	8.352262e+01	8.266065e+00	6.050301e-01	1.000040e-04
9	Holding	8.361130e+01	8.354743e+00	6.088943e-01	1.000028e-04
9	Holding	8.369895e+01	8.442390e+00	6.126671e-01	1.000041e-04
9	Holding	8.378659e+01	8.530027e+00	6.164703e-01	1.000047e-04
9	Holding	8.387555e+01	8.618994e+00	6.203079e-01	1.000034e-04
9	Holding	8.396338e+01	8.706816e+00	6.240730e-01	1.000042e-04
9	Holding	8.405075e+01	8.794190e+00	6.278419e-01	1.000042e-04
9	Holding	8.413953e+01	8.882968e+00	6.315842e-01	1.000016e-04
9	Holding	8.422703e+01	8.970467e+00	6.355247e-01	1.000034e-04
9	Holding	8.431530e+01	9.058739e+00	6.392250e-01	1.000061e-04
9	Holding	8.440318e+01	9.146625e+00	6.430359e-01	1.000034e-04
9	Holding	8.449077e+01	9.234207e+00	6.468315e-01	1.000035e-04
9	Holding	8.457883e+01	9.322269e+00	6.506500e-01	1.000041e-04
9	Holding	8.466745e+01	9.410894e+00	6.543808e-01	1.000047e-04
9	Holding	8.475517e+01	9.498616e+00	6.581879e-01	1.000040e-04
9	Holding	8.484313e+01	9.586574e+00	6.620026e-01	1.000019e-04
9	Holding	8.493156e+01	9.674999e+00	6.659012e-01	1.000046e-04
9	Holding	8.501873e+01	9.762171e+00	6.696815e-01	1.000024e-04
9	Holding	8.510715e+01	9.850586e+00	6.733780e-01	1.000041e-04
9	Holding	8.519533e+01	9.938768e+00	6.772423e-01	1.000051e-04
9	Holding	8.528294e+01	1.002638e+01	6.808853e-01	1.000046e-04
9	Holding	8.537124e+01	1.011468e+01	6.847382e-01	1.000030e-04
9	Holding	8.545925e+01	1.020269e+01	6.885033e-01	1.000056e-04
9	Holding	8.554758e+01	1.029102e+01	6.922150e-01	1.000041e-04
9	Holding	8.563541e+01	1.037885e+01	6.960678e-01	1.000053e-04
9	Holding	8.572330e+01	1.046674e+01	6.997986e-01	1.000032e-04
9	Holding	8.581114e+01	1.055458e+01	7.035141e-01	1.000053e-04
9	Holding	8.589890e+01	1.064234e+01	7.073402e-01	1.000047e-04
9	Holding	8.598691e+01	1.073035e+01	7.111092e-01	1.000041e-04
9	Holding	8.607505e+01	1.081849e+01	7.147789e-01	1.000065e-04
9	Holding	8.616302e+01	1.090647e+01	7.186775e-01	1.000062e-04
9	Holding	8.625080e+01	1.099424e+01	7.224617e-01	1.000051e-04
9	Holding	8.633941e+01	1.108285e+01	7.262840e-01	1.000018e-04
9	Holding	8.642662e+01	1.117007e+01	7.300835e-01	1.000048e-04
9	Holding	8.651466e+01	1.125811e+01	7.337494e-01	1.000032e-04
9	Holding	8.660302e+01	1.134646e+01	7.375412e-01	1.000032e-04
9	Holding	8.669112e+01	1.143456e+01	7.413216e-01	1.000049e-04
9	Holding	8.677924e+01	1.152268e+01	7.451019e-01	1.000050e-04
9	Holding	8.686669e+01	1.161013e+01	7.488632e-01	1.000038e-04
9	Holding	8.695480e+01	1.169824e+01	7.524261e-01	1.000051e-04
9	Holding	8.704312e+01	1.178656e+01	7.562904e-01	1.000056e-04
9	Holding	8.713141e+01	1.187485e+01	7.600937e-01	1.000044e-04
9	Holding	8.721951e+01	1.196295e+01	7.637596e-01	1.000041e-04
9	Holding	8.730729e+01	1.205073e+01	7.676659e-01	1.000054e-04
9	Holding	8.739461e+01	1.213805e+01	7.713814e-01	1.000054e-04
9	Holding	8.748309e+01	1.222653e+01	7.751389e-01	1.000068e-04
9	Holding	8.757129e+01	1.231473e+01	7.788620e-01	1.000032e-04
9	Holding	8.765873e+01	1.240217e+01	7.826920e-01	1.000050e-04
9	Holding	8.774708e+01	1.249052e+01	7.863655e-01	1.000047e-04
9	Holding	8.783534e+01	1.257878e+01	7.901726e-01	1.000057e-04
9	Holding	8.792265e+01	1.266609e+01	7.940292e-01	1.000032e-04
9	Holding	8.801073e+01	1.275417e+01	7.976913e-01	1.000049e-04
9	Holding	8.809904e+01	1.284248e+01	8.014145e-01	1.000043e-04
9	Holding	8.818672e+01	1.293016e+01	8.052216e-01	1.000032e-04
9	Holding	8.827529e+01	1.301874e+01	8.089905e-01	1.000060e-04
9	Holding	8.836278e+01	1.310622e+01	8.126488e-01	1.000036e-04
9	Holding	8.845079e+01	1.319423e+01	8.164215e-01	1.000018e-04
9	Holding	8.853895e+01	1.328239e+01	8.202324e-01	1.000051e-04
9	Holding	8.862689e+01	1.337033e+01	8.239365e-01	1.000053e-04
9	Holding	8.871531e+01	1.345875e+01	8.277130e-01	1.000026e-04
9	Holding	8.880334e+01	1.354678e+01	8.314438e-01	1.000044e-04
9	Holding	8.889145e+01	1.363489e+01	8.351707e-01	1.000037e-04
9	Holding	8.897890e+01	1.372234e+01	8.389702e-01	1.000034e-04
9	Holding	8.906742e+01	1.381086e+01	8.427429e-01	1.000047e-04
9	Holding	8.915475e+01	1.389819e+01	8.463364e-01	1.000034e-04
9	Holding	8.924315e+01	1.398659e+01	8.501549e-01	1.000030e-04
9	Holding	8.933156e+01	1.407500e+01	8.538589e-01	1.000043e-04
9	Holding	8.941886e+01	1.416231e+01	8.576622e-01	1.000047e-04
9	Holding	8.950722e+01	1.425066e+01	8.613548e-01	1.000038e-04
9	Holding	8.959497e+01	1.433841e+01	8.651505e-01	1.000043e-04
9	Holding	8.968305e+01	1.442649e+01	8.688240e-01	1.000021e-04
9	Holding	8.977139e+01	1.451485e+01	8.726540e-01	1.000049e-04
9	Holding	8.985875e+01	1.460220e+01	8.763733e-01	1.000037e-04
9	Holding	8.994656e+01	1.469000e+01	8.800392e-01	1.000051e-04
9	Holding	9.003503e+01	1.477847e+01	8.838501e-01	1.000053e-04
9	Holding	9.012282e+01	1.486626e+01	8.875389e-01	1.000050e-04
9	Holding	9.021099e+01	1.495444e+01	8.913574e-01	1.000044e-04
9	Holding	9.029943e+01	1.504287e+01	8.950462e-01	1.000044e-04
9	Holding	9.038726e+01	1.513070e+01	8.988380e-01	1.000038e-04
9	Holding	9.047526e+01	1.521870e+01	9.026222e-01	1.000021e-04
9	Holding	9.056296e+01	1.530640e+01	9.063034e-01	1.000043e-04
9	Holding	9.065112e+01	1.539456e+01	9.100113e-01	1.000048e-04
9	Holding	9.073918e+01	1.548262e+01	9.137688e-01	1.000054e-04
9	Holding	9.082694e+01	1.557038e+01	9.175415e-01	1.000032e-04
9	Holding	9.091462e+01	1.565806e+01	9.212227e-01	1.000035e-04
9	Holding	9.100346e+01	1.574690e+01	9.249420e-01	1.000036e-04
9	Holding	9.109135e+01	1.583480e+01	9.287415e-01	1.000036e-04
9	Holding	9.117916e+01	1.592260e+01	9.325142e-01	1.000040e-04
9	Holding	9.126738e+01	1.601083e+01	9.362183e-01	1.000047e-04
9	Holding	9.135514e+01	1.609858e+01	9.399338e-01	1.000042e-04
9	Holding	9.144340e+01	1.618684e+01	9.436417e-01	1.000047e-04
9	Holding	9.153071e+01	1.627416e+01	9.473457e-01	1.000029e-04
9	Holding	9.161889e+01	1.636233e+01	9.511147e-01	1.000036e-04
9	Holding	9.170729e+01	1.645073e+01	9.548378e-01	1.000035e-04
9	Holding	9.179474e+01	1.653818e+01	9.585571e-01	1.000043e-04
9	Holding	9.188290e+01	1.662634e+01	9.623184e-01	1.000032e-04
9	Holding	9.197143e+01	1.671487e+01	9.660492e-01	1.000047e-04
9	Holding	9.205887e+01	1.680231e+01	9.697647e-01	1.000024e-04
9	Holding	9.214710e+01	1.689054e+01	9.734344e-01	1.000043e-04
9	Holding	9.223541e+01	1.697886e+01	9.771500e-01	1.000035e-04
9	Holding	9.232283e+01	1.706627e+01	9.809761e-01	1.000030e-04
9	Holding	9.241066e+01	1.715410e+01	9.846535e-01	1.000035e-04
9	Holding	9.249903e+01	1.724247e+01	9.884300e-01	1.000054e-04
9	Holding	9.258672e+01	1.733016e+01	9.921112e-01	1.000040e-04
9	Holding	9.267517e+01	1.741861e+01	9.958153e-01	1.000028e-04
10	Ramping	9.285055e+01	8.188852e-02	9.994850e-01	1.000053e-04
10	Ramping	9.293936e+01	1.706913e-01	1.006798e+00	9.837139e-05
10	Ramping	9.302714e+01	2.584760e-01	1.010262e+00	9.659791e-05
10	Ramping	9.311544e+01	3.467756e-01	1.013664e+00	9.484136e-05
10	Ramping	9.320285e+01	4.341884e-01	1.016830e+00	9.307659e-05
10	Ramping	9.329151e+01	5.228506e-01	1.020145e+00	9.132826e-05
10	Ramping	9.337863e+01	6.099637e-01	1.023327e+00	8.955479e-05
10	Ramping	9.346743e+01	6.987669e-01	1.026424e+00	8.781362e-05
10	Ramping	9.355502e+01	7.863598e-01	1.029388e+00	8.604026e-05
10	Ramping	9.364327e+01	8.746071e-01	1.032421e+00	8.428621e-05
10	Ramping	9.373051e+01	9.618498e-01	1.035416e+00	8.252072e-05
10	Ramping	9.381870e+01	1.050040e+00	1.038189e+00	8.077526e-05
10	Ramping	9.390734e+01	1.138679e+00	1.040867e+00	7.901490e-05
10	Ramping	9.399466e+01	1.225992e+00	1.043503e+00	7.724261e-05
10	Ramping	9.408306e+01	1.314394e+00	1.046120e+00	7.549822e-05
10	Ramping	9.417077e+01	1.402102e+00	1.048767e+00	7.372761e-05
10	Ramping	9.425906e+01	1.490392e+00	1.051201e+00	7.197356e-05
10	Ramping	9.434678e+01	1.578118e+00	1.053585e+00	7.020974e-05
10	Ramping	9.443547e+01	1.666810e+00	1.055920e+00	6.845355e-05
10	Ramping	9.452329e+01	1.754627e+00	1.058231e+00	6.667852e-05
10	Ramping	9.461071e+01	1.842051e+00	1.060471e+00	6.492615e-05
10	Ramping	9.469907e+01	1.930411e+00	1.062576e+00	6.317544e-05
10	Ramping	9.478651e+01	2.017851e+00	1.064568e+00	6.141090e-05
10	Ramping	9.487529e+01	2.106628e+00	1.066643e+00	5.966187e-05
10	Ramping	9.496301e+01	2.194347e+00	1.068623e+00	5.788934e-05
10	Ramping	9.505112e+01	2.282458e+00	1.070419e+00	5.613458e-05
10	Ramping	9.513922e+01	2.370560e+00	1.072308e+00	5.437124e-05
10	Ramping	9.522733e+01	2.458668e+00	1.073944e+00	5.261040e-05
10	Ramping	9.531486e+01	2.546194e+00	1.075645e+00	5.084980e-05
10	Ramping	9.540281e+01	2.634145e+00	1.077316e+00	4.909897e-05
10	Ramping	9.549080e+01	2.722137e+00	1.078827e+00	4.734004e-05
10	Ramping	9.557910e+01	2.810435e+00	1.080372e+00	4.557991e-05
10	Ramping	9.566705e+01	2.898382e+00	1.081703e+00	4.381275e-05
10	Ramping	9.575548e+01	2.986815e+00	1.083118e+00	4.205823e-05
10	Ramping	9.584342e+01	3.074761e+00	1.084290e+00	4.028928e-05
10	Ramping	9.593111e+01	3.162443e+00	1.085487e+00	3.852832e-05
10	Ramping	9.601899e+01	3.250323e+00	1.086643e+00	3.677642e-05
10	Ramping	9.610683e+01	3.338169e+00	1.087646e+00	3.501749e-05
10	Ramping	9.619548e+01	3.426820e+00	1.088661e+00	3.326583e-05
10	Ramping	9.628264e+01	3.513979e+00	1.089489e+00	3.149259e-05
10	Ramping	9.637123e+01	3.602562e+00	1.090454e+00	2.974272e-05
10	Ramping	9.645917e+01	3.690509e+00	1.091187e+00	2.797592e-05
10	Ramping	9.654687e+01	3.778206e+00	1.092079e+00	2.621472e-05
10	Ramping	9.663519e+01	3.866526e+00	1.092743e+00	2.446508e-05
10	Ramping	9.672307e+01	3.954405e+00	1.093266e+00	2.269483e-05
10	Ramping	9.681113e+01	4.042465e+00	1.093815e+00	2.094364e-05
10	Ramping	9.689879e+01	4.130126e+00	1.094173e+00	1.917958e-05
10	Ramping	9.698724e+01	4.218576e+00	1.094666e+00	1.742351e-05
10	Ramping	9.707506e+01	4.306394e+00	1.094910e+00	1.565897e-05
10	Ramping	9.716338e+01	4.394715e+00	1.095188e+00	1.390386e-05
10	Ramping	9.725073e+01	4.482064e+00	1.095436e+00	1.213610e-05
10	Ramping	9.733868e+01	4.570021e+00	1.095589e+00	1.038659e-05
10	Ramping	9.742686e+01	4.658197e+00	1.095615e+00	8.627295e-06
10	Ramping	9.751505e+01	4.746385e+00	1.095570e+00	6.869793e-06
10	Ramping	9.760271e+01	4.834049e+00	1.095535e+00	5.103827e-06
10	Ramping	9.769093e+01	4.922265e+00	1.095428e+00	3.353238e-06
10	Ramping	9.777858e+01	5.009914e+00	1.095226e+00	1.546967e-06
10	Ramping	9.786683e+01	5.098166e+00	1.094959e+00	-1.842737e-07
10	Ramping	9.795459e+01	5.185928e+00	1.094673e+00	-1.949488e-06
10	Ramping	9.804305e+01	5.274388e+00	1.092995e+00	-4.879594e-06
10	Ramping	9.813152e+01	5.362855e+00	1.092667e+00	-5.457163e-06
10	Ramping	9.821935e+01	5.450683e+00	1.092194e+00	-7.221460e-06
10	Ramping	9.830678e+01	5.538116e+00	1.091671e+00	-8.980632e-06
10	Ramping	9.839522e+01	5.626552e+00	1.090839e+00	-1.072872e-05
10	Ramping	9.848345e+01	5.714782e+00	1.090172e+00	-1.249671e-05
10	Ramping	9.857113e+01	5.802462e+00	1.089413e+00	-1.426327e-05
10	Ramping	9.865943e+01	5.890768e+00	1.088448e+00	-1.601577e-05
10	Ramping	9.874741e+01	5.978742e+00	1.087498e+00	-1.777756e-05
10	Ramping	9.883516e+01	6.066499e+00	1.086514e+00	-1.954150e-05
10	Ramping	9.892305e+01	6.154388e+00	1.085514e+00	-2.129412e-05
10	Ramping	9.901142e+01	6.242756e+00	1.084301e+00	-2.304959e-05
10	Ramping	9.909871e+01	6.330049e+00	1.083168e+00	-2.481604e-05
10	Ramping	9.918670e+01	6.418036e+00	1.081902e+00	-2.656364e-05
10	Ramping	9.927493e+01	6.506262e+00	1.080444e+00	-2.832246e-05
10	Ramping	9.936303e+01	6.594364e+00	1.079136e+00	-3.008652e-05
10	Ramping	9.945124e+01	6.682576e+00	1.077618e+00	-3.184497e-05
10	Ramping	9.953906e+01	6.770392e+00	1.076263e+00	-3.361285e-05
10	Ramping	9.962689e+01	6.858225e+00	1.074562e+00	-3.536952e-05
10	Ramping	9.971472e+01	6.946054e+00	1.072918e+00	-3.712583e-05
10	Ramping	9.980322e+01	7.034553e+00	1.071171e+00	-3.887975e-05
10	Ramping	9.989079e+01	7.122131e+00	1.069382e+00	-4.065394e-05
10	Ramping	9.997908e+01	7.210420e+00	1.067516e+00	-4.239929e-05
10	Ramping	1.000670e+02	7.298380e+00	1.065552e+00	-4.416847e-05
10	Ramping	1.001553e+02	7.386637e+00	1.063671e+00	-4.592466e-05
10	Ramping	1.002431e+02	7.474424e+00	1.061516e+00	-4.768896e-05
10	Ramping	1.003309e+02	7.562262e+00	1.059376e+00	-4.944885e-05
10	Ramping	1.004189e+02	7.650187e+00	1.057186e+00	-5.120277e-05
10	Ramping	1.005075e+02	7.738854e+00	1.054913e+00	-5.296373e-05
10	Ramping	1.005952e+02	7.826573e+00	1.052685e+00	-5.473113e-05
10	Ramping	1.006828e+02	7.914170e+00	1.050236e+00	-5.648744e-05
10	Ramping	1.007713e+02	8.002616e+00	1.047783e+00	-5.824161e-05
10	Ramping	1.008587e+02	8.090018e+00	1.045326e+00	-6.000602e-05
10	Ramping	1.009467e+02	8.178038e+00	1.042744e+00	-6.175554e-05
10	Ramping	1.010349e+02	8.266214e+00	1.040024e+00	-6.351531e-05
10	Ramping	1.011233e+02	8.354639e+00	1.037338e+00	-6.527805e-05
10	Ramping	1.012114e+02	8.442764e+00	1.034489e+00	-6.704760e-05
10	Ramping	1.012992e+02	8.530547e+00	1.031624e+00	-6.880760e-05
10	Ramping	1.013872e+02	8.618532e+00	1.028728e+00	-7.056260e-05
10	Ramping	1.014750e+02	8.706345e+00	1.025612e+00	-7.232332e-05
10	Ramping	1.015625e+02	8.793853e+00	1.022560e+00	-7.407522e-05
10	Ramping	1.016509e+02	8.882215e+00	1.019524e+00	-7.583058e-05
10	Ramping	1.017387e+02	8.970066e+00	1.016296e+00	-7.759690e-05
10	Ramping	1.018273e+02	9.058667e+00	1.013157e+00	-7.935190e-05
10	Ramping	1.019153e+02	9.146591e+00	1.009842e+00	-8.112168e-05
10	Ramping	1.020035e+02	9.234867e+00	1.006435e+00	-8.288562e-05
10	Ramping	1.020913e+02	9.322625e+00	1.002945e+00	-8.464634e-05
10	Ramping	1.021787e+02	9.410015e+00	9.994087e-01	-8.640444e-05
10	Ramping	1.022675e+02	9.498870e+00	9.959183e-01	-8.814859e-05
10	Ramping	1.023553e+02	9.586594e+00	9.920845e-01	-8.992434e-05
10	Ramping	1.024433e+02	9.674655e+00	9.884987e-01	-9.168041e-05
10	Ramping	1.025306e+02	9.761930e+00	9.846573e-01	-9.344172e-05
10	Ramping	1.026186e+02	9.849957e+00	9.808578e-01	-9.518611e-05
10	Ramping	1.027075e+02	9.938808e+00	9.769478e-01	-9.694755e-05
10	Holding	1.027949e+02	1.002623e+01	9.728928e-01	-9.872341e-05
10	Holding	1.028835e+02	1.011480e+01	9.689636e-01	-9.995425e-05
10	Holding	1.029714e+02	1.020276e+01	9.650307e-01	-9.995532e-05
10	Holding	1.030594e+02	1.029075e+01	9.612427e-01	-9.995615e-05
10	Holding	1.031473e+02	1.037864e+01	9.573174e-01	-9.995484e-05
10	Holding	1.032351e+02	1.046643e+01	9.534149e-01	-9.995341e-05
10	Holding	1.033228e+02	1.055417e+01	9.496269e-01	-9.995723e-05
10	Holding	1.034108e+02	1.064210e+01	9.457932e-01	-9.995246e-05
10	Holding	1.034990e+02	1.073035e+01	9.419212e-01	-9.995449e-05
10	Holding	1.035868e+02	1.081810e+01	9.380913e-01	-9.995496e-05
10	Holding	1.036747e+02	1.090601e+01	9.342422e-01	-9.995520e-05
10	Holding	1.037628e+02	1.099410e+01	9.303551e-01	-9.995747e-05
10	Holding	1.038512e+02	1.108250e+01	9.264755e-01	-9.995425e-05
10	Holding	1.039392e+02	1.117054e+01	9.226608e-01	-9.995520e-05
10	Holding	1.040275e+02	1.125882e+01	9.188271e-01	-9.995556e-05
10	Holding	1.041150e+02	1.134632e+01	9.149590e-01	-9.995461e-05
10	Holding	1.042026e+02	1.143395e+01	9.111938e-01	-9.995437e-05
10	Holding	1.042912e+02	1.152253e+01	9.073677e-01	-9.995615e-05
10	Holding	1.043795e+02	1.161080e+01	9.035492e-01	-9.995389e-05
10	Holding	1.044672e+02	1.169857e+01	8.996429e-01	-9.995580e-05
10	Holding	1.045551e+02	1.178648e+01	8.958778e-01	-9.995329e-05
10	Holding	1.046427e+02	1.187408e+01	8.919296e-01	-9.995592e-05
10	Holding	1.047314e+02	1.196278e+01	8.881149e-01	-9.995544e-05
10	Holding	1.048189e+02	1.205021e+01	8.843613e-01	-9.995413e-05
10	Holding	1.049068e+02	1.213810e+01	8.805504e-01	-9.995353e-05
10	Holding	1.049948e+02	1.222617e+01	8.767204e-01	-9.995568e-05
10	Holding	1.050834e+02	1.231477e+01	8.728943e-01	-9.995532e-05
10	Holding	1.051711e+02	1.240248e+01	8.691330e-01	-9.995449e-05
10	Holding	1.052593e+02	1.249061e+01	8.652039e-01	-9.995365e-05
10	Holding	1.053472e+02	1.257851e+01	8.615036e-01	-9.995568e-05
10	Holding	1.054354e+02	1.266669e+01	8.576012e-01	-9.995604e-05
10	Holding	1.055229e+02	1.275429e+01	8.537712e-01	-9.995472e-05
10	Holding	1.056115e+02	1.284283e+01	8.499069e-01	-9.995580e-05
10	Holding	1.056993e+02	1.293062e+01	8.461075e-01	-9.995365e-05
10	Holding	1.057869e+02	1.301823e+01	8.421593e-01	-9.995627e-05
10	Holding	1.058754e+02	1.310670e+01	8.386002e-01	-9.995270e-05
10	Holding	1.059630e+02	1.319433e+01	8.347321e-01	-9.995437e-05
10	Holding	1.060510e+02	1.328232e+01	8.308525e-01	-9.995282e-05
10	Holding	1.061392e+02	1.337056e+01	8.271713e-01	-9.995329e-05
10	Holding	1.062272e+02	1.345849e+01	8.234138e-01	-9.995329e-05
10	Holding	1.063151e+02	1.354644e+01	8.195610e-01	-9.995401e-05
10	Holding	1.064036e+02	1.363490e+01	8.156319e-01	-9.995651e-05
10	Holding	1.064906e+02	1.372194e+01	8.118668e-01	-9.995234e-05
10	Holding	1.065795e+02	1.381081e+01	8.081360e-01	-9.995556e-05
10	Holding	1.066673e+02	1.389868e+01	8.041687e-01	-9.995615e-05
10	Holding	1.067551e+02	1.398645e+01	8.004684e-01	-9.995627e-05
10	Holding	1.068434e+02	1.407476e+01	7.966232e-01	-9.995675e-05
10	Holding	1.069311e+02	1.416248e+01	7.927856e-01	-9.995651e-05
10	Holding	1.070189e+02	1.425020e+01	7.890968e-01	-9.995222e-05
10	Holding	1.071072e+02	1.433858e+01	7.852783e-01	-9.995365e-05
10	Holding	1.071953e+02	1.442661e+01	7.814560e-01	-9.995449e-05
10	Holding	1.072829e+02	1.451423e+01	7.777405e-01	-9.995341e-05
10	Holding	1.073708e+02	1.460218e+01	7.738228e-01	-9.995532e-05
10	Holding	1.074590e+02	1.469038e+01	7.700653e-01	-9.995604e-05
10	Holding	1.075467e+02	1.477799e+01	7.661972e-01	-9.995615e-05
10	Holding	1.076351e+02	1.486641e+01	7.624893e-01	-9.995568e-05
10	Holding	1.077232e+02	1.495455e+01	7.586288e-01	-9.995508e-05
